-- // converted using mech's animoduler
local cfr = CFrame.new

return {{tm=0;["BlinkM"]={cf=cfr(0,0,0,1,0,0,0,1,0,0,0,1);es="Linear";ed="In";};["BlinkHalfM_end"]={cf=cfr(0,0,0,1,0,0,0,1,0,0,0,1);es="Linear";ed="In";};["R3rdNb_end"]={cf=cfr(3.984,1.774,3.039,.996,.076,-.04,.073,-.49,.869,.047,-.869,-.493);es="Linear";ed="In";};["EyeYellowM_end"]={cf=cfr(0,0,0,1,0,0,0,1,0,0,0,1);es="Linear";ed="In";};["L3rdNb_end"]={cf=cfr(-7.332,5.698,8.755,-.812,-.277,.514,.124,.779,.615,-.571,.563,-.598);es="Linear";ed="In";};["FitFox00.mo"]={cf=cfr(0,0,0,1,0,0,0,1,0,0,0,1);es="Linear";ed="In";};["TopN"]={cf=cfr(0,0,0,1,0,0,0,1,0,0,0,1);es="Linear";ed="In";};["TransN"]={cf=cfr(-.889,0,0,1,0,0,0,1,0,0,0,1);es="Linear";ed="In";};["XRotN"]={cf=cfr(.282,0,0,1,0,0,0,1,0,0,0,1);es="Linear";ed="In";};["YRotN"]={cf=cfr(0,0,0,1,0,0,0,1,0,0,0,1);es="Linear";ed="In";};["HipN"]={cf=cfr(2.097,.643,1.742,.441,-.687,.577,.634,.694,.341,-.635,.216,.742);es="Linear";ed="In";};["LLegJ"]={cf=cfr(0,0,0,-.475,.037,-.879,.019,.999,.032,.88,-.002,-.476);es="Linear";ed="In";};["LKneeJ"]={cf=cfr(-.001,0,0,.16,-.092,.983,.121,.99,.073,-.98,.107,.17);es="Linear";ed="In";};["LFootJ"]={cf=cfr(-.029,-.006,.004,.895,-.311,.321,.195,.917,.347,-.402,-.248,.881);es="Linear";ed="In";};["LToeN"]={cf=cfr(0,0,0,.97,-.003,-.243,.003,1,.002,.243,-.003,.97);es="Linear";ed="In";};["RLegJ"]={cf=cfr(0,0,0,-.055,.467,-.882,.148,.878,.456,.987,-.105,-.118);es="Linear";ed="In";};["RKneeJ"]={cf=cfr(.001,0,0,-.205,.01,.979,.033,.999,-.004,-.978,.032,-.205);es="Linear";ed="In";};["RFootJ"]={cf=cfr(.026,-.016,-.003,.94,-.15,-.307,.151,.988,-.022,.307,-.026,.951);es="Linear";ed="In";};["RToeN"]={cf=cfr(0,0,0,.971,-.024,-.239,.025,1,-.002,.239,-.004,.971);es="Linear";ed="In";};["WaistN"]={cf=cfr(0,0,0,.868,-.057,.493,.058,.998,.013,-.493,.017,.87);es="Linear";ed="In";};["BustN"]={cf=cfr(0,0,0,.981,-.069,.179,.084,.993,-.083,-.172,.096,.98);es="Linear";ed="In";};["RShoulderN"]={cf=cfr(0,0,0,.986,-.162,-.038,.166,.969,.184,.007,-.187,.982);es="Linear";ed="In";};["RShoulderJ"]={cf=cfr(0,0,0,.596,-.745,-.3,.785,.618,.023,.168,-.249,.954);es="Linear";ed="In";};["RArmJ"]={cf=cfr(0,0,0,.858,-.514,-.001,.514,.858,.001,0,-.002,1);es="Linear";ed="In";};["RHandN"]={cf=cfr(.008,.001,.004,.863,.189,-.469,.147,.793,.591,.484,-.579,.656);es="Linear";ed="In";};["RThumbNa"]={cf=cfr(0,0,0,.906,-.414,-.088,.418,.908,.035,.065,-.068,.996);es="Linear";ed="In";};["RThumbNb"]={cf=cfr(0,0,0,.961,.278,0,-.278,.961,0,0,0,1);es="Linear";ed="In";};["R2ndNa"]={cf=cfr(0,0,0,1,0,-.005,0,.996,.094,.005,-.094,.996);es="Linear";ed="In";};["R2ndNb"]={cf=cfr(0,0,0,1,0,0,0,.983,-.184,0,.184,.983);es="Linear";ed="In";};["R1stNa"]={cf=cfr(0,0,0,.972,-.233,-.029,.234,.954,.189,-.016,-.191,.982);es="Linear";ed="In";};["R1stNb"]={cf=cfr(0,0,0,1,0,0,0,.983,-.184,0,.184,.983);es="Linear";ed="In";};["R3rdNa"]={cf=cfr(0,0,0,.991,.132,.003,-.132,.991,.012,-.001,-.012,1);es="Linear";ed="In";};["R3rdNb"]={cf=cfr(0,0,0,1,0,0,0,.728,-.686,0,.686,.728);es="Linear";ed="In";};["R4thNa"]={cf=cfr(0,0,0,.972,.233,.03,-.231,.972,-.042,-.039,.034,.999);es="Linear";ed="In";};["R4thNb"]={cf=cfr(0,0,0,1,0,0,0,.651,-.759,0,.759,.651);es="Linear";ed="In";};["RHandNb"]={cf=cfr(.059,.017,-.029,.788,-.589,.182,.616,.749,-.242,.006,.303,.953);es="Linear";ed="In";};["RASabN"]={cf=cfr(.113,-.191,0,.95,.036,.309,-.063,.995,.077,-.304,-.092,.948);es="Linear";ed="In";};["RSSabN"]={cf=cfr(0,0,0,.959,0,.283,-.001,1,.003,-.283,-.003,.959);es="Linear";ed="In";};["NeckN"]={cf=cfr(0,0,0,.987,-.126,-.103,.114,.987,-.115,.116,.102,.988);es="Linear";ed="In";};["HeadN"]={cf=cfr(0,0,0,.991,.116,-.06,-.118,.993,-.022,.057,.029,.998);es="Linear";ed="In";};["ScopeN"]={cf=cfr(0,0,0,1,0,0,0,1,0,0,0,1);es="Linear";ed="In";};["MouthN"]={cf=cfr(0,0,0,.999,0,.037,0,1,0,-.037,0,.999);es="Linear";ed="In";};["LShoulderN"]={cf=cfr(0,0,0,.998,-.069,.002,.068,.993,.098,-.009,-.098,.995);es="Linear";ed="In";};["LShoulderJ"]={cf=cfr(0,0,0,.82,-.568,-.068,.571,.82,.037,.035,-.069,.997);es="Linear";ed="In";};["LArmJ"]={cf=cfr(0,0,0,.833,-.553,-.026,.554,.832,.026,.007,-.036,.999);es="Linear";ed="In";};["LHandN"]={cf=cfr(-.011,-.002,-.005,.908,-.134,-.397,.254,.93,.267,.333,-.343,.878);es="Linear";ed="In";};["LThumbNa"]={cf=cfr(0,0,0,.915,-.404,.009,.404,.913,-.062,.017,.061,.998);es="Linear";ed="In";};["LThumbNb"]={cf=cfr(0,0,0,.963,.268,0,-.268,.963,0,0,0,1);es="Linear";ed="In";};["L3rdNa"]={cf=cfr(0,0,0,.991,.132,.005,-.13,.967,.218,.024,-.217,.976);es="Linear";ed="In";};["L3rdNb"]={cf=cfr(0,0,0,1,0,0,0,.737,-.676,0,.676,.737);es="Linear";ed="In";};["L2ndNa"]={cf=cfr(0,0,0,1,.001,-.007,0,.989,.149,.007,-.149,.989);es="Linear";ed="In";};["L2ndNb"]={cf=cfr(0,0,0,1,0,0,0,.971,-.24,0,.24,.971);es="Linear";ed="In";};["L1stNa"]={cf=cfr(0,0,0,.972,-.235,-.024,.23,.919,.32,-.053,-.317,.947);es="Linear";ed="In";};["L1stNb"]={cf=cfr(0,0,0,1,0,0,0,.972,-.235,0,.235,.972);es="Linear";ed="In";};["L4thNa"]={cf=cfr(0,0,0,.972,.233,.03,-.227,.965,-.135,-.06,.124,.99);es="Linear";ed="In";};["L4thNb"]={cf=cfr(0,0,0,1,0,0,0,.79,-.613,0,.613,.79);es="Linear";ed="In";};["LHandNb"]={cf=cfr(-.025,-.003,.03,.966,-.258,.02,.25,.914,-.318,.064,.312,.948);es="Linear";ed="In";};["LASabN"]={cf=cfr(-.117,.211,-.001,.99,.115,.085,-.118,.992,.032,-.08,-.042,.996);es="Linear";ed="In";};["LSSabN"]={cf=cfr(0,0,0,.998,0,.056,0,1,.001,-.056,-.001,.998);es="Linear";ed="In";};["BackN"]={cf=cfr(0,0,0,1,0,0,0,1,0,0,0,1);es="Linear";ed="In";};["ReflectorN"]={cf=cfr(0,0,0,1,0,0,0,1,0,0,0,1);es="Linear";ed="In";};["TailNa"]={cf=cfr(0,-.327,-.144,.612,.737,-.287,-.778,.496,-.385,-.142,.459,.877);es="Linear";ed="In";};["TailNb"]={cf=cfr(0,.288,.212,.998,-.014,-.065,.03,.967,.255,.059,-.256,.965);es="Linear";ed="In";};["TailNc"]={cf=cfr(0,0,0,.985,.169,-.02,-.161,.964,.211,.055,-.205,.977);es="Linear";ed="In";};["LSSabN_end"]={cf=cfr(2.845,-3.316,.749,-.335,.872,-.357,-.665,.049,.745,.667,.487,.563);es="Linear";ed="In";};["FaceM_end"]={cf=cfr(0,0,0,1,0,0,0,1,0,0,0,1);es="Linear";ed="In";};["BlasterM_end"]={cf=cfr(0,0,0,1,0,0,0,1,0,0,0,1);es="Linear";ed="In";};["L2ndNb_end"]={cf=cfr(-6.777,-6.543,9.682,-.814,-.283,.507,.567,-.194,.801,-.128,.939,.318);es="Linear";ed="In";};["FacePattern"]={cf=cfr(0,0,0,1,0,0,0,1,0,0,0,1);es="Linear";ed="In";};["EyeYellowM"]={cf=cfr(0,0,0,1,0,0,0,1,0,0,0,1);es="Linear";ed="In";};["ReflectorN_end"]={cf=cfr(-.839,-1.982,1.214,-.069,-.378,-.923,-.274,.897,-.347,.959,.229,-.166);es="Linear";ed="In";};["RHaveN"]={cf=cfr(-4.642,1.412,-3.981,.881,.465,.088,-.467,.884,.004,-.076,-.045,.996);es="Linear";ed="In";};["ThrowN_end"]={cf=cfr(0,0,0,1,0,0,0,1,0,0,0,1);es="Linear";ed="In";};["BlasterM"]={cf=cfr(0,0,0,1,0,0,0,1,0,0,0,1);es="Linear";ed="In";};["LThumbNb_end"]={cf=cfr(-.517,-10.80,4.12,-.997,-.066,.03,.068,-.706,.705,-.026,.706,.708);es="Linear";ed="In";};["R4thNb_end"]={cf=cfr(3.995,2.803,1.583,.996,.075,-.045,.088,-.799,.595,.009,-.597,-.802);es="Linear";ed="In";};["BlinkHalfM"]={cf=cfr(0,0,0,1,0,0,0,1,0,0,0,1);es="Linear";ed="In";};["RThumbNb_end"]={cf=cfr(5.341,-2.699,-.498,.922,-.359,.144,.386,.848,-.362,.008,.389,.921);es="Linear";ed="In";};["L4thNb_end"]={cf=cfr(-7.999,9.137,2.179,-.812,-.278,.514,-.283,.957,.071,-.511,-.088,-.855);es="Linear";ed="In";};["OuchM"]={cf=cfr(0,0,0,1,0,0,0,1,0,0,0,1);es="Linear";ed="In";};["LASabN_end"]={cf=cfr(-.146,-7.492,-.49,-.803,.556,.213,-.387,-.759,.524,.454,.338,.824);es="Linear";ed="In";};["BackN_end"]={cf=cfr(-2.269,-1.85,.86,-.294,-.346,-.891,.102,.915,-.389,.95,-.205,-.234);es="Linear";ed="In";};["R2ndNb_end"]={cf=cfr(3.986,-4.485,2.19,.996,.071,-.061,-.047,.941,.336,.081,-.332,.94);es="Linear";ed="In";};["FitFox00.ao"]={cf=cfr(0,0,0,1,0,0,0,1,0,0,0,1);es="Linear";ed="In";};["BlinkM_end"]={cf=cfr(0,0,0,1,0,0,0,1,0,0,0,1);es="Linear";ed="In";};["OuchM_end"]={cf=cfr(0,0,0,1,0,0,0,1,0,0,0,1);es="Linear";ed="In";};["LHandNb_end"]={cf=cfr(.123,-10.24,-2.883,.528,-.192,-.827,-.323,-.946,.013,-.785,.26,-.562);es="Linear";ed="In";};["RToeN_end"]={cf=cfr(-1.69,2.628,.025,-.867,-.499,-.004,.499,-.866,-.017,.005,-.017,1);es="Linear";ed="In";};["RHandNb_end"]={cf=cfr(-.822,-5.091,4.065,.986,-.126,-.108,.107,.98,-.169,.128,.155,.98);es="Linear";ed="In";};["RHaveN_end"]={cf=cfr(0,0,0,1,0,0,0,1,0,0,0,1);es="Linear";ed="In";};["TailNc_end"]={cf=cfr(4.541,3.37,.228,.649,.199,.735,.524,.584,-.62,-.552,.787,.275);es="Linear";ed="In";};["LHaveN_end"]={cf=cfr(0,0,0,1,0,0,0,1,0,0,0,1);es="Linear";ed="In";};["FaceM"]={cf=cfr(0,0,0,1,0,0,0,1,0,0,0,1);es="Linear";ed="In";};["ScopeN_end"]={cf=cfr(-.398,.65,2.535,.954,-.163,-.254,.15,.986,-.07,.261,.028,.965);es="Linear";ed="In";};["L1stNb_end"]={cf=cfr(-6.16,-10.46,5.975,-.816,-.283,.504,.558,-.617,.555,.154,.734,.661);es="Linear";ed="In";};["LHaveN"]={cf=cfr(8.566,-1.711,-6.398,-.826,.304,-.475,.491,.802,-.341,.277,-.514,-.812);es="Linear";ed="In";};["R1stNb_end"]={cf=cfr(3.986,-5.004,1.025,.996,.076,-.042,-.073,.994,.076,.047,-.073,.996);es="Linear";ed="In";};["LToeN_end"]={cf=cfr(3.37,-4.351,.791,-.451,.876,-.17,-.888,-.46,-.018,-.094,.142,.985);es="Linear";ed="In";};["RASabN_end"]={cf=cfr(4.455,-2.203,3.347,.883,-.311,-.352,.328,.945,-.012,.336,-.105,.936);es="Linear";ed="In";};["RootNode"]={cf=cfr(0,0,0,-1,0,0,0,1,0,0,0,-1);es="Linear";ed="In";};["ThrowN"]={cf=cfr(-.282,0,0,1,0,0,0,1,0,0,0,1);es="Linear";ed="In";};["RSSabN_end"]={cf=cfr(1.89,1.136,1.979,.387,-.831,-.399,.921,.368,.127,.041,-.417,.908);es="Linear";ed="In";};["MouthN_end"]={cf=cfr(-.007,.638,-2.134,.939,.151,-.309,-.187,.978,-.09,.288,.142,.947);es="Linear";ed="In";};};{tm=.043;["BlinkM"]={cf=cfr(0,0,0,1,0,0,0,1,0,0,0,1);es="Linear";ed="In";};["BlinkHalfM_end"]={cf=cfr(0,0,0,1,0,0,0,1,0,0,0,1);es="Linear";ed="In";};["R3rdNb_end"]={cf=cfr(3.984,1.774,3.039,.996,.076,-.04,.073,-.49,.869,.047,-.869,-.493);es="Linear";ed="In";};["EyeYellowM_end"]={cf=cfr(0,0,0,1,0,0,0,1,0,0,0,1);es="Linear";ed="In";};["L3rdNb_end"]={cf=cfr(-7.332,5.698,8.755,-.812,-.277,.514,.124,.779,.615,-.571,.563,-.598);es="Linear";ed="In";};["FitFox00.mo"]={cf=cfr(0,0,0,1,0,0,0,1,0,0,0,1);es="Linear";ed="In";};["TopN"]={cf=cfr(0,0,0,1,0,0,0,1,0,0,0,1);es="Linear";ed="In";};["TransN"]={cf=cfr(-1.999,0,0,1,0,0,0,1,0,0,0,1);es="Linear";ed="In";};["XRotN"]={cf=cfr(.282,0,0,1,0,0,0,1,0,0,0,1);es="Linear";ed="In";};["YRotN"]={cf=cfr(0,0,0,1,0,0,0,1,0,0,0,1);es="Linear";ed="In";};["HipN"]={cf=cfr(3.536,.449,1.75,.387,-.135,.912,.073,.991,.116,-.919,.022,.394);es="Linear";ed="In";};["LLegJ"]={cf=cfr(0,0,0,-.59,-.033,-.807,-.142,.988,.064,.795,.153,-.587);es="Linear";ed="In";};["LKneeJ"]={cf=cfr(-.001,0,0,.103,.042,.994,.073,.996,-.049,-.992,.077,.099);es="Linear";ed="In";};["LFootJ"]={cf=cfr(-.031,-.006,.004,.961,-.172,-.218,.236,.92,.313,.146,-.352,.925);es="Linear";ed="In";};["LToeN"]={cf=cfr(0,0,0,.99,0,-.138,0,1,.001,.138,-.001,.99);es="Linear";ed="In";};["RLegJ"]={cf=cfr(0,0,0,-.695,.531,-.484,.287,.823,.491,.659,.203,-.724);es="Linear";ed="In";};["RKneeJ"]={cf=cfr(.001,0,0,-.362,-.062,.93,.075,.993,.096,-.929,.104,-.355);es="Linear";ed="In";};["RFootJ"]={cf=cfr(.028,-.016,-.034,.873,-.327,-.362,.433,.861,.267,.224,-.39,.893);es="Linear";ed="In";};["RToeN"]={cf=cfr(0,0,0,1,-.002,-.001,.002,1,.001,.001,-.001,1);es="Linear";ed="In";};["WaistN"]={cf=cfr(0,0,0,.707,-.001,.707,.002,1,0,-.707,.001,.707);es="Linear";ed="In";};["BustN"]={cf=cfr(0,0,0,.986,0,.167,0,1,-.002,-.167,.002,.986);es="Linear";ed="In";};["RShoulderN"]={cf=cfr(0,0,0,.999,-.015,.028,.011,.986,.165,-.03,-.165,.986);es="Linear";ed="In";};["RShoulderJ"]={cf=cfr(0,0,0,.448,-.745,-.494,.893,.343,.292,-.048,-.572,.819);es="Linear";ed="In";};["RArmJ"]={cf=cfr(0,0,0,1,0,-.001,0,1,.002,.001,-.002,1);es="Linear";ed="In";};["RHandN"]={cf=cfr(.005,.001,.001,.688,.422,-.59,.196,.675,.712,.699,-.605,.382);es="Linear";ed="In";};["RThumbNa"]={cf=cfr(0,0,0,.858,-.489,-.156,.506,.858,.094,.088,-.159,.983);es="Linear";ed="In";};["RThumbNb"]={cf=cfr(0,0,0,1,0,0,0,1,0,0,0,1);es="Linear";ed="In";};["R2ndNa"]={cf=cfr(0,0,0,1,.001,-.011,.003,.939,.345,.01,-.345,.939);es="Linear";ed="In";};["R2ndNb"]={cf=cfr(0,0,0,1,0,0,0,1,0,0,0,1);es="Linear";ed="In";};["R1stNa"]={cf=cfr(0,0,0,.929,-.368,-.045,.361,.871,.334,-.084,-.326,.942);es="Linear";ed="In";};["R1stNb"]={cf=cfr(0,0,0,1,0,0,0,1,0,0,0,1);es="Linear";ed="In";};["R3rdNa"]={cf=cfr(0,0,0,.978,.21,.003,-.198,.917,.346,.07,-.339,.938);es="Linear";ed="In";};["R3rdNb"]={cf=cfr(0,0,0,1,0,0,0,1,0,0,0,1);es="Linear";ed="In";};["R4thNa"]={cf=cfr(0,0,0,.929,.367,.046,-.361,.87,.336,.083,-.329,.941);es="Linear";ed="In";};["R4thNb"]={cf=cfr(0,0,0,1,0,0,0,1,-.001,0,.001,1);es="Linear";ed="In";};["RHandNb"]={cf=cfr(.058,.016,-.029,.663,-.7,.266,.746,.584,-.321,.069,.411,.909);es="Linear";ed="In";};["RASabN"]={cf=cfr(0,0,0,.941,-.136,.311,.102,.987,.122,-.323,-.083,.943);es="Linear";ed="In";};["RSSabN"]={cf=cfr(0,0,0,.947,0,.32,-.001,1,.003,-.32,-.003,.947);es="Linear";ed="In";};["NeckN"]={cf=cfr(0,0,0,.883,-.469,-.028,.465,.881,-.085,.065,.062,.996);es="Linear";ed="In";};["HeadN"]={cf=cfr(0,0,0,.883,-.465,-.069,.456,.883,-.112,.113,.068,.991);es="Linear";ed="In";};["ScopeN"]={cf=cfr(0,0,0,1,0,0,0,1,0,0,0,1);es="Linear";ed="In";};["MouthN"]={cf=cfr(0,0,0,1,0,.011,0,1,0,-.011,0,1);es="Linear";ed="In";};["LShoulderN"]={cf=cfr(0,0,0,.999,-.016,.029,.011,.987,.161,-.032,-.16,.987);es="Linear";ed="In";};["LShoulderJ"]={cf=cfr(0,0,0,.449,-.745,-.493,.892,.34,.298,-.054,-.574,.817);es="Linear";ed="In";};["LArmJ"]={cf=cfr(0,0,0,1,-.006,-.003,.006,1,-.005,.003,.005,1);es="Linear";ed="In";};["LHandN"]={cf=cfr(-.008,-.002,-.005,.687,.426,-.588,.196,.672,.715,.7,-.606,.378);es="Linear";ed="In";};["LThumbNa"]={cf=cfr(0,0,0,.858,-.489,-.156,.506,.858,.094,.088,-.159,.983);es="Linear";ed="In";};["LThumbNb"]={cf=cfr(0,0,0,1,0,0,0,1,0,0,0,1);es="Linear";ed="In";};["L3rdNa"]={cf=cfr(0,0,0,.978,.21,.005,-.199,.917,.345,.068,-.339,.938);es="Linear";ed="In";};["L3rdNb"]={cf=cfr(0,0,0,1,0,0,0,1,0,0,0,1);es="Linear";ed="In";};["L2ndNa"]={cf=cfr(0,0,0,1,.001,-.009,.002,.939,.345,.009,-.345,.939);es="Linear";ed="In";};["L2ndNb"]={cf=cfr(0,0,0,1,0,0,0,1,0,0,0,1);es="Linear";ed="In";};["L1stNa"]={cf=cfr(0,0,0,.929,-.368,-.045,.361,.871,.334,-.084,-.326,.941);es="Linear";ed="In";};["L1stNb"]={cf=cfr(0,0,0,1,0,0,0,1,0,0,0,1);es="Linear";ed="In";};["L4thNa"]={cf=cfr(0,0,0,.929,.367,.046,-.361,.87,.336,.083,-.329,.941);es="Linear";ed="In";};["L4thNb"]={cf=cfr(0,0,0,1,0,0,0,1,0,0,0,1);es="Linear";ed="In";};["LHandNb"]={cf=cfr(-.03,-.007,.029,.665,-.698,.266,.744,.586,-.321,.069,.411,.909);es="Linear";ed="In";};["LASabN"]={cf=cfr(0,0,-.002,.943,-.095,.317,.083,.995,.051,-.321,-.021,.947);es="Linear";ed="In";};["LSSabN"]={cf=cfr(0,0,0,.948,-.001,.32,0,1,.003,-.32,-.003,.947);es="Linear";ed="In";};["BackN"]={cf=cfr(0,0,0,1,0,0,0,1,0,0,0,1);es="Linear";ed="In";};["ReflectorN"]={cf=cfr(0,0,0,1,0,0,0,1,0,0,0,1);es="Linear";ed="In";};["TailNa"]={cf=cfr(0,-.327,-.144,.815,.283,-.506,-.579,.391,-.715,-.005,.876,.483);es="Linear";ed="In";};["TailNb"]={cf=cfr(0,.288,.212,.927,-.356,-.116,.354,.934,-.035,.121,-.008,.993);es="Linear";ed="In";};["TailNc"]={cf=cfr(0,0,0,.998,-.042,-.035,.037,.992,-.123,.04,.121,.992);es="Linear";ed="In";};["LSSabN_end"]={cf=cfr(2.845,-3.316,.749,-.335,.872,-.357,-.665,.049,.745,.667,.487,.563);es="Linear";ed="In";};["FaceM_end"]={cf=cfr(0,0,0,1,0,0,0,1,0,0,0,1);es="Linear";ed="In";};["BlasterM_end"]={cf=cfr(0,0,0,1,0,0,0,1,0,0,0,1);es="Linear";ed="In";};["L2ndNb_end"]={cf=cfr(-6.777,-6.543,9.682,-.814,-.283,.507,.567,-.194,.801,-.128,.939,.318);es="Linear";ed="In";};["FacePattern"]={cf=cfr(0,0,0,1,0,0,0,1,0,0,0,1);es="Linear";ed="In";};["EyeYellowM"]={cf=cfr(0,0,0,1,0,0,0,1,0,0,0,1);es="Linear";ed="In";};["ReflectorN_end"]={cf=cfr(-.839,-1.982,1.214,-.069,-.378,-.923,-.274,.897,-.347,.959,.229,-.166);es="Linear";ed="In";};["RHaveN"]={cf=cfr(-4.642,1.412,-3.981,.881,.465,.088,-.467,.884,.004,-.076,-.045,.996);es="Linear";ed="In";};["ThrowN_end"]={cf=cfr(0,0,0,1,0,0,0,1,0,0,0,1);es="Linear";ed="In";};["BlasterM"]={cf=cfr(0,0,0,1,0,0,0,1,0,0,0,1);es="Linear";ed="In";};["LThumbNb_end"]={cf=cfr(-.517,-10.80,4.12,-.997,-.066,.03,.068,-.706,.705,-.026,.706,.708);es="Linear";ed="In";};["R4thNb_end"]={cf=cfr(3.995,2.803,1.583,.996,.075,-.045,.088,-.799,.595,.009,-.597,-.802);es="Linear";ed="In";};["BlinkHalfM"]={cf=cfr(0,0,0,1,0,0,0,1,0,0,0,1);es="Linear";ed="In";};["RThumbNb_end"]={cf=cfr(5.341,-2.699,-.498,.922,-.359,.144,.386,.848,-.362,.008,.389,.921);es="Linear";ed="In";};["L4thNb_end"]={cf=cfr(-7.999,9.137,2.179,-.812,-.278,.514,-.283,.957,.071,-.511,-.088,-.855);es="Linear";ed="In";};["OuchM"]={cf=cfr(0,0,0,1,0,0,0,1,0,0,0,1);es="Linear";ed="In";};["LASabN_end"]={cf=cfr(-.146,-7.492,-.49,-.803,.556,.213,-.387,-.759,.524,.454,.338,.824);es="Linear";ed="In";};["BackN_end"]={cf=cfr(-2.269,-1.85,.86,-.294,-.346,-.891,.102,.915,-.389,.95,-.205,-.234);es="Linear";ed="In";};["R2ndNb_end"]={cf=cfr(3.986,-4.485,2.19,.996,.071,-.061,-.047,.941,.336,.081,-.332,.94);es="Linear";ed="In";};["FitFox00.ao"]={cf=cfr(0,0,0,1,0,0,0,1,0,0,0,1);es="Linear";ed="In";};["BlinkM_end"]={cf=cfr(0,0,0,1,0,0,0,1,0,0,0,1);es="Linear";ed="In";};["OuchM_end"]={cf=cfr(0,0,0,1,0,0,0,1,0,0,0,1);es="Linear";ed="In";};["LHandNb_end"]={cf=cfr(.123,-10.24,-2.883,.528,-.192,-.827,-.323,-.946,.013,-.785,.26,-.562);es="Linear";ed="In";};["RToeN_end"]={cf=cfr(-1.69,2.628,.025,-.867,-.499,-.004,.499,-.866,-.017,.005,-.017,1);es="Linear";ed="In";};["RHandNb_end"]={cf=cfr(-.822,-5.091,4.065,.986,-.126,-.108,.107,.98,-.169,.128,.155,.98);es="Linear";ed="In";};["RHaveN_end"]={cf=cfr(0,0,0,1,0,0,0,1,0,0,0,1);es="Linear";ed="In";};["TailNc_end"]={cf=cfr(4.541,3.37,.228,.649,.199,.735,.524,.584,-.62,-.552,.787,.275);es="Linear";ed="In";};["LHaveN_end"]={cf=cfr(0,0,0,1,0,0,0,1,0,0,0,1);es="Linear";ed="In";};["FaceM"]={cf=cfr(0,0,0,1,0,0,0,1,0,0,0,1);es="Linear";ed="In";};["ScopeN_end"]={cf=cfr(-.398,.65,2.535,.954,-.163,-.254,.15,.986,-.07,.261,.028,.965);es="Linear";ed="In";};["L1stNb_end"]={cf=cfr(-6.16,-10.46,5.975,-.816,-.283,.504,.558,-.617,.555,.154,.734,.661);es="Linear";ed="In";};["LHaveN"]={cf=cfr(8.566,-1.711,-6.398,-.826,.304,-.475,.491,.802,-.341,.277,-.514,-.812);es="Linear";ed="In";};["R1stNb_end"]={cf=cfr(3.986,-5.004,1.025,.996,.076,-.042,-.073,.994,.076,.047,-.073,.996);es="Linear";ed="In";};["LToeN_end"]={cf=cfr(3.37,-4.351,.791,-.451,.876,-.17,-.888,-.46,-.018,-.094,.142,.985);es="Linear";ed="In";};["RASabN_end"]={cf=cfr(4.455,-2.203,3.347,.883,-.311,-.352,.328,.945,-.012,.336,-.105,.936);es="Linear";ed="In";};["RootNode"]={cf=cfr(0,0,0,-1,0,0,0,1,0,0,0,-1);es="Linear";ed="In";};["ThrowN"]={cf=cfr(-.282,0,0,1,0,0,0,1,0,0,0,1);es="Linear";ed="In";};["RSSabN_end"]={cf=cfr(1.89,1.136,1.979,.387,-.831,-.399,.921,.368,.127,.041,-.417,.908);es="Linear";ed="In";};["MouthN_end"]={cf=cfr(-.007,.638,-2.134,.939,.151,-.309,-.187,.978,-.09,.288,.142,.947);es="Linear";ed="In";};};{tm=.086;["BlinkM"]={cf=cfr(0,0,0,1,0,0,0,1,0,0,0,1);es="Linear";ed="In";};["BlinkHalfM_end"]={cf=cfr(0,0,0,1,0,0,0,1,0,0,0,1);es="Linear";ed="In";};["R3rdNb_end"]={cf=cfr(3.984,1.774,3.039,.996,.076,-.04,.073,-.49,.869,.047,-.869,-.493);es="Linear";ed="In";};["EyeYellowM_end"]={cf=cfr(0,0,0,1,0,0,0,1,0,0,0,1);es="Linear";ed="In";};["L3rdNb_end"]={cf=cfr(-7.332,5.698,8.755,-.812,-.277,.514,.124,.779,.615,-.571,.563,-.598);es="Linear";ed="In";};["FitFox00.mo"]={cf=cfr(0,0,0,1,0,0,0,1,0,0,0,1);es="Linear";ed="In";};["TopN"]={cf=cfr(0,0,0,1,0,0,0,1,0,0,0,1);es="Linear";ed="In";};["TransN"]={cf=cfr(-2.325,0,0,1,0,0,0,1,0,0,0,1);es="Linear";ed="In";};["XRotN"]={cf=cfr(.282,0,0,1,0,0,0,1,0,0,0,1);es="Linear";ed="In";};["YRotN"]={cf=cfr(0,0,0,1,0,0,0,1,0,0,0,1);es="Linear";ed="In";};["HipN"]={cf=cfr(3.528,.462,1.343,.24,-.181,.954,.136,.979,.151,-.961,.094,.26);es="Linear";ed="In";};["LLegJ"]={cf=cfr(0,0,0,-.624,.023,-.781,-.145,.979,.145,.768,.204,-.607);es="Linear";ed="In";};["LKneeJ"]={cf=cfr(-.001,0,0,.226,.042,.973,.081,.995,-.061,-.971,.092,.221);es="Linear";ed="In";};["LFootJ"]={cf=cfr(-.033,-.006,.004,.982,-.186,.019,.167,.916,.365,-.085,-.355,.931);es="Linear";ed="In";};["LToeN"]={cf=cfr(0,0,0,.932,-.012,-.362,.016,1,.007,.362,-.013,.932);es="Linear";ed="In";};["RLegJ"]={cf=cfr(0,0,0,.955,.295,.006,-.295,.954,.049,.009,-.048,.999);es="Linear";ed="In";};["RKneeJ"]={cf=cfr(.001,0,0,.927,-.337,-.164,.334,.941,-.046,.17,-.012,.985);es="Linear";ed="In";};["RFootJ"]={cf=cfr(.029,-.016,-.065,.795,-.073,.602,.03,.996,.081,-.606,-.046,.794);es="Linear";ed="In";};["RToeN"]={cf=cfr(0,0,0,.995,.01,.101,-.01,1,-.002,-.101,.001,.995);es="Linear";ed="In";};["WaistN"]={cf=cfr(0,0,0,.699,.061,.713,-.01,.997,-.075,-.715,.045,.697);es="Linear";ed="In";};["BustN"]={cf=cfr(0,0,0,.982,.033,.185,-.017,.996,-.086,-.187,.081,.979);es="Linear";ed="In";};["RShoulderN"]={cf=cfr(0,0,0,.996,.062,.066,-.072,.982,.174,-.054,-.178,.983);es="Linear";ed="In";};["RShoulderJ"]={cf=cfr(0,0,0,.533,-.664,-.525,.846,.431,.314,.018,-.611,.791);es="Linear";ed="In";};["RArmJ"]={cf=cfr(0,0,0,.982,-.189,-.001,.189,.982,.002,0,-.002,1);es="Linear";ed="In";};["RHandN"]={cf=cfr(.003,.001,-.002,.588,.61,-.531,.187,.536,.823,.787,-.583,.201);es="Linear";ed="In";};["RThumbNa"]={cf=cfr(0,0,0,.858,-.489,-.156,.506,.858,.094,.088,-.159,.983);es="Linear";ed="In";};["RThumbNb"]={cf=cfr(0,0,0,1,0,0,0,1,0,0,0,1);es="Linear";ed="In";};["R2ndNa"]={cf=cfr(0,0,0,1,.001,-.017,.005,.939,.345,.016,-.345,.939);es="Linear";ed="In";};["R2ndNb"]={cf=cfr(0,0,0,1,0,0,0,1,0,0,0,1);es="Linear";ed="In";};["R1stNa"]={cf=cfr(0,0,0,.929,-.368,-.045,.361,.871,.334,-.084,-.326,.942);es="Linear";ed="In";};["R1stNb"]={cf=cfr(0,0,0,1,0,0,0,1,0,0,0,1);es="Linear";ed="In";};["R3rdNa"]={cf=cfr(0,0,0,.978,.21,.004,-.198,.917,.345,.069,-.339,.938);es="Linear";ed="In";};["R3rdNb"]={cf=cfr(0,0,0,1,0,0,0,1,0,0,0,1);es="Linear";ed="In";};["R4thNa"]={cf=cfr(0,0,0,.929,.367,.046,-.36,.87,.336,.083,-.329,.941);es="Linear";ed="In";};["R4thNb"]={cf=cfr(0,0,0,1,0,0,0,1,-.001,0,.001,1);es="Linear";ed="In";};["RHandNb"]={cf=cfr(.057,.016,-.029,.479,-.804,.354,.877,.419,-.234,.04,.422,.906);es="Linear";ed="In";};["RASabN"]={cf=cfr(.034,-.06,0,.923,-.089,.374,.054,.993,.102,-.381,-.074,.922);es="Linear";ed="In";};["RSSabN"]={cf=cfr(0,0,0,.928,0,.373,-.001,1,.003,-.373,-.003,.928);es="Linear";ed="In";};["NeckN"]={cf=cfr(0,0,0,.866,-.485,-.123,.477,.874,-.088,.151,.018,.988);es="Linear";ed="In";};["HeadN"]={cf=cfr(0,0,0,.859,-.487,-.159,.48,.873,-.082,.179,-.006,.984);es="Linear";ed="In";};["ScopeN"]={cf=cfr(0,0,0,1,0,0,0,1,0,0,0,1);es="Linear";ed="In";};["MouthN"]={cf=cfr(0,0,0,1,0,-.015,0,1,0,.015,0,1);es="Linear";ed="In";};["LShoulderN"]={cf=cfr(0,0,0,.998,-.004,.057,-.013,.956,.294,-.055,-.294,.954);es="Linear";ed="In";};["LShoulderJ"]={cf=cfr(0,0,0,.362,-.597,-.716,.888,.453,.072,.282,-.662,.694);es="Linear";ed="In";};["LArmJ"]={cf=cfr(0,0,0,.976,-.216,.039,.219,.969,-.111,-.014,.117,.993);es="Linear";ed="In";};["LHandN"]={cf=cfr(-.006,-.002,-.004,.83,.401,-.387,.135,.529,.838,.541,-.748,.385);es="Linear";ed="In";};["LThumbNa"]={cf=cfr(0,0,0,.858,-.489,-.156,.506,.858,.094,.088,-.159,.983);es="Linear";ed="In";};["LThumbNb"]={cf=cfr(0,0,0,1,0,0,0,1,0,0,0,1);es="Linear";ed="In";};["L3rdNa"]={cf=cfr(0,0,0,.978,.21,.005,-.199,.917,.345,.068,-.339,.938);es="Linear";ed="In";};["L3rdNb"]={cf=cfr(0,0,0,1,0,0,0,1,0,0,0,1);es="Linear";ed="In";};["L2ndNa"]={cf=cfr(0,0,0,1,.001,-.01,.003,.939,.345,.01,-.345,.939);es="Linear";ed="In";};["L2ndNb"]={cf=cfr(0,0,0,1,0,0,0,1,0,0,0,1);es="Linear";ed="In";};["L1stNa"]={cf=cfr(0,0,0,.929,-.368,-.045,.361,.871,.334,-.084,-.326,.942);es="Linear";ed="In";};["L1stNb"]={cf=cfr(0,0,0,1,0,0,0,1,0,0,0,1);es="Linear";ed="In";};["L4thNa"]={cf=cfr(0,0,0,.929,.367,.046,-.36,.87,.336,.083,-.329,.941);es="Linear";ed="In";};["L4thNb"]={cf=cfr(0,0,0,1,0,0,0,1,0,0,0,1);es="Linear";ed="In";};["LHandNb"]={cf=cfr(-.035,-.011,.029,.494,-.816,.3,.87,.465,-.166,-.005,.343,.939);es="Linear";ed="In";};["LASabN"]={cf=cfr(-.041,.069,-.002,.749,-.03,.662,.011,.999,.032,-.662,-.017,.749);es="Linear";ed="In";};["LSSabN"]={cf=cfr(0,0,0,.731,-.002,.682,-.002,1,.005,-.682,-.005,.731);es="Linear";ed="In";};["BackN"]={cf=cfr(0,0,0,1,0,0,0,1,0,0,0,1);es="Linear";ed="In";};["ReflectorN"]={cf=cfr(0,0,0,1,0,0,0,1,0,0,0,1);es="Linear";ed="In";};["TailNa"]={cf=cfr(0,-.327,-.144,.877,-.043,-.478,-.406,.465,-.787,.256,.884,.39);es="Linear";ed="In";};["TailNb"]={cf=cfr(0,.288,.212,.922,-.378,-.084,.331,.882,-.335,.201,.281,.938);es="Linear";ed="In";};["TailNc"]={cf=cfr(0,0,0,.999,-.01,-.044,-.007,.93,-.367,.045,.367,.929);es="Linear";ed="In";};["LSSabN_end"]={cf=cfr(2.845,-3.316,.749,-.335,.872,-.357,-.665,.049,.745,.667,.487,.563);es="Linear";ed="In";};["FaceM_end"]={cf=cfr(0,0,0,1,0,0,0,1,0,0,0,1);es="Linear";ed="In";};["BlasterM_end"]={cf=cfr(0,0,0,1,0,0,0,1,0,0,0,1);es="Linear";ed="In";};["L2ndNb_end"]={cf=cfr(-6.777,-6.543,9.682,-.814,-.283,.507,.567,-.194,.801,-.128,.939,.318);es="Linear";ed="In";};["FacePattern"]={cf=cfr(0,0,0,1,0,0,0,1,0,0,0,1);es="Linear";ed="In";};["EyeYellowM"]={cf=cfr(0,0,0,1,0,0,0,1,0,0,0,1);es="Linear";ed="In";};["ReflectorN_end"]={cf=cfr(-.839,-1.982,1.214,-.069,-.378,-.923,-.274,.897,-.347,.959,.229,-.166);es="Linear";ed="In";};["RHaveN"]={cf=cfr(-4.642,1.412,-3.981,.881,.465,.088,-.467,.884,.004,-.076,-.045,.996);es="Linear";ed="In";};["ThrowN_end"]={cf=cfr(0,0,0,1,0,0,0,1,0,0,0,1);es="Linear";ed="In";};["BlasterM"]={cf=cfr(0,0,0,1,0,0,0,1,0,0,0,1);es="Linear";ed="In";};["LThumbNb_end"]={cf=cfr(-.517,-10.80,4.12,-.997,-.066,.03,.068,-.706,.705,-.026,.706,.708);es="Linear";ed="In";};["R4thNb_end"]={cf=cfr(3.995,2.803,1.583,.996,.075,-.045,.088,-.799,.595,.009,-.597,-.802);es="Linear";ed="In";};["BlinkHalfM"]={cf=cfr(0,0,0,1,0,0,0,1,0,0,0,1);es="Linear";ed="In";};["RThumbNb_end"]={cf=cfr(5.341,-2.699,-.498,.922,-.359,.144,.386,.848,-.362,.008,.389,.921);es="Linear";ed="In";};["L4thNb_end"]={cf=cfr(-7.999,9.137,2.179,-.812,-.278,.514,-.283,.957,.071,-.511,-.088,-.855);es="Linear";ed="In";};["OuchM"]={cf=cfr(0,0,0,1,0,0,0,1,0,0,0,1);es="Linear";ed="In";};["LASabN_end"]={cf=cfr(-.146,-7.492,-.49,-.803,.556,.213,-.387,-.759,.524,.454,.338,.824);es="Linear";ed="In";};["BackN_end"]={cf=cfr(-2.269,-1.85,.86,-.294,-.346,-.891,.102,.915,-.389,.95,-.205,-.234);es="Linear";ed="In";};["R2ndNb_end"]={cf=cfr(3.986,-4.485,2.19,.996,.071,-.061,-.047,.941,.336,.081,-.332,.94);es="Linear";ed="In";};["FitFox00.ao"]={cf=cfr(0,0,0,1,0,0,0,1,0,0,0,1);es="Linear";ed="In";};["BlinkM_end"]={cf=cfr(0,0,0,1,0,0,0,1,0,0,0,1);es="Linear";ed="In";};["OuchM_end"]={cf=cfr(0,0,0,1,0,0,0,1,0,0,0,1);es="Linear";ed="In";};["LHandNb_end"]={cf=cfr(.123,-10.24,-2.883,.528,-.192,-.827,-.323,-.946,.013,-.785,.26,-.562);es="Linear";ed="In";};["RToeN_end"]={cf=cfr(-1.69,2.628,.025,-.867,-.499,-.004,.499,-.866,-.017,.005,-.017,1);es="Linear";ed="In";};["RHandNb_end"]={cf=cfr(-.822,-5.091,4.065,.986,-.126,-.108,.107,.98,-.169,.128,.155,.98);es="Linear";ed="In";};["RHaveN_end"]={cf=cfr(0,0,0,1,0,0,0,1,0,0,0,1);es="Linear";ed="In";};["TailNc_end"]={cf=cfr(4.541,3.37,.228,.649,.199,.735,.524,.584,-.62,-.552,.787,.275);es="Linear";ed="In";};["LHaveN_end"]={cf=cfr(0,0,0,1,0,0,0,1,0,0,0,1);es="Linear";ed="In";};["FaceM"]={cf=cfr(0,0,0,1,0,0,0,1,0,0,0,1);es="Linear";ed="In";};["ScopeN_end"]={cf=cfr(-.398,.65,2.535,.954,-.163,-.254,.15,.986,-.07,.261,.028,.965);es="Linear";ed="In";};["L1stNb_end"]={cf=cfr(-6.16,-10.46,5.975,-.816,-.283,.504,.558,-.617,.555,.154,.734,.661);es="Linear";ed="In";};["LHaveN"]={cf=cfr(8.566,-1.711,-6.398,-.826,.304,-.475,.491,.802,-.341,.277,-.514,-.812);es="Linear";ed="In";};["R1stNb_end"]={cf=cfr(3.986,-5.004,1.025,.996,.076,-.042,-.073,.994,.076,.047,-.073,.996);es="Linear";ed="In";};["LToeN_end"]={cf=cfr(3.37,-4.351,.791,-.451,.876,-.17,-.888,-.46,-.018,-.094,.142,.985);es="Linear";ed="In";};["RASabN_end"]={cf=cfr(4.455,-2.203,3.347,.883,-.311,-.352,.328,.945,-.012,.336,-.105,.936);es="Linear";ed="In";};["RootNode"]={cf=cfr(0,0,0,-1,0,0,0,1,0,0,0,-1);es="Linear";ed="In";};["ThrowN"]={cf=cfr(-.282,0,0,1,0,0,0,1,0,0,0,1);es="Linear";ed="In";};["RSSabN_end"]={cf=cfr(1.89,1.136,1.979,.387,-.831,-.399,.921,.368,.127,.041,-.417,.908);es="Linear";ed="In";};["MouthN_end"]={cf=cfr(-.007,.638,-2.134,.939,.151,-.309,-.187,.978,-.09,.288,.142,.947);es="Linear";ed="In";};};{tm=.129;["BlinkM"]={cf=cfr(0,0,0,1,0,0,0,1,0,0,0,1);es="Linear";ed="In";};["BlinkHalfM_end"]={cf=cfr(0,0,0,1,0,0,0,1,0,0,0,1);es="Linear";ed="In";};["R3rdNb_end"]={cf=cfr(3.984,1.774,3.039,.996,.076,-.04,.073,-.49,.869,.047,-.869,-.493);es="Linear";ed="In";};["EyeYellowM_end"]={cf=cfr(0,0,0,1,0,0,0,1,0,0,0,1);es="Linear";ed="In";};["L3rdNb_end"]={cf=cfr(-7.332,5.698,8.755,-.812,-.277,.514,.124,.779,.615,-.571,.563,-.598);es="Linear";ed="In";};["FitFox00.mo"]={cf=cfr(0,0,0,1,0,0,0,1,0,0,0,1);es="Linear";ed="In";};["TopN"]={cf=cfr(0,0,0,1,0,0,0,1,0,0,0,1);es="Linear";ed="In";};["TransN"]={cf=cfr(-2.369,0,0,1,0,0,0,1,0,0,0,1);es="Linear";ed="In";};["XRotN"]={cf=cfr(.282,0,0,1,0,0,0,1,0,0,0,1);es="Linear";ed="In";};["YRotN"]={cf=cfr(0,0,0,1,0,0,0,1,0,0,0,1);es="Linear";ed="In";};["HipN"]={cf=cfr(3.035,.475,.559,-.064,-.236,.97,.243,.939,.244,-.968,.251,-.003);es="Linear";ed="In";};["LLegJ"]={cf=cfr(0,0,0,-.687,.129,-.715,-.087,.962,.257,.721,.239,-.65);es="Linear";ed="In";};["LKneeJ"]={cf=cfr(-.001,0,0,.501,.047,.864,.029,.997,-.07,-.865,.06,.498);es="Linear";ed="In";};["LFootJ"]={cf=cfr(-.035,-.006,.004,.833,-.204,.514,-.001,.929,.371,-.553,-.31,.773);es="Linear";ed="In";};["LToeN"]={cf=cfr(0,0,0,.674,-.019,-.738,.047,.999,.018,.737,-.047,.674);es="Linear";ed="In";};["RLegJ"]={cf=cfr(0,0,0,.585,-.176,.791,-.152,.935,.321,-.796,-.308,.52);es="Linear";ed="In";};["RKneeJ"]={cf=cfr(.001,0,0,.988,-.004,-.158,.003,1,-.008,.158,.007,.987);es="Linear";ed="In";};["RFootJ"]={cf=cfr(.031,-.016,-.097,.634,-.065,.771,.038,.998,.053,-.773,-.004,.635);es="Linear";ed="In";};["RToeN"]={cf=cfr(0,0,0,.997,.009,.073,-.009,1,-.003,-.073,.002,.997);es="Linear";ed="In";};["WaistN"]={cf=cfr(0,0,0,.707,.136,.694,-.019,.985,-.173,-.707,.11,.699);es="Linear";ed="In";};["BustN"]={cf=cfr(0,0,0,.987,.044,.156,-.018,.986,-.165,-.161,.16,.974);es="Linear";ed="In";};["RShoulderN"]={cf=cfr(0,0,0,.992,.08,.098,-.103,.96,.262,-.073,-.27,.96);es="Linear";ed="In";};["RShoulderJ"]={cf=cfr(0,0,0,.576,-.545,-.609,.806,.505,.31,.138,-.669,.73);es="Linear";ed="In";};["RArmJ"]={cf=cfr(0,0,0,.964,-.265,-.001,.265,.964,.001,0,-.001,1);es="Linear";ed="In";};["RHandN"]={cf=cfr(0,.001,-.005,.52,.731,-.441,.186,.407,.894,.833,-.547,.075);es="Linear";ed="In";};["RThumbNa"]={cf=cfr(0,0,0,.858,-.489,-.156,.505,.858,.094,.088,-.159,.983);es="Linear";ed="In";};["RThumbNb"]={cf=cfr(0,0,0,1,0,0,0,1,0,0,0,1);es="Linear";ed="In";};["R2ndNa"]={cf=cfr(0,0,0,1,.001,-.016,.004,.939,.345,.015,-.345,.939);es="Linear";ed="In";};["R2ndNb"]={cf=cfr(0,0,0,1,0,0,0,1,0,0,0,1);es="Linear";ed="In";};["R1stNa"]={cf=cfr(0,0,0,.929,-.368,-.045,.361,.871,.334,-.084,-.326,.942);es="Linear";ed="In";};["R1stNb"]={cf=cfr(0,0,0,1,0,0,0,1,0,0,0,1);es="Linear";ed="In";};["R3rdNa"]={cf=cfr(0,0,0,.978,.21,.004,-.198,.917,.345,.069,-.339,.938);es="Linear";ed="In";};["R3rdNb"]={cf=cfr(0,0,0,1,0,0,0,1,0,0,0,1);es="Linear";ed="In";};["R4thNa"]={cf=cfr(0,0,0,.929,.367,.046,-.36,.87,.337,.083,-.329,.941);es="Linear";ed="In";};["R4thNb"]={cf=cfr(0,0,0,1,0,0,0,1,-.001,0,.001,1);es="Linear";ed="In";};["RHandNb"]={cf=cfr(.056,.016,-.029,.317,-.857,.407,.947,.261,-.187,.054,.445,.894);es="Linear";ed="In";};["RASabN"]={cf=cfr(.069,-.061,0,.865,-.077,.496,.038,.995,.088,-.5,-.057,.864);es="Linear";ed="In";};["RSSabN"]={cf=cfr(0,0,0,.868,0,.496,-.001,1,.003,-.496,-.003,.868);es="Linear";ed="In";};["NeckN"]={cf=cfr(0,0,0,.814,-.495,-.304,.49,.866,-.099,.312,-.069,.948);es="Linear";ed="In";};["HeadN"]={cf=cfr(0,0,0,.802,-.499,-.328,.521,.853,-.022,.291,-.153,.944);es="Linear";ed="In";};["ScopeN"]={cf=cfr(0,0,0,1,0,0,0,1,0,0,0,1);es="Linear";ed="In";};["MouthN"]={cf=cfr(0,0,0,1,0,-.009,0,1,0,.009,0,1);es="Linear";ed="In";};["LShoulderN"]={cf=cfr(0,0,0,.997,-.015,.079,-.019,.908,.418,-.078,-.418,.905);es="Linear";ed="In";};["LShoulderJ"]={cf=cfr(0,0,0,.337,-.429,-.838,.777,.629,-.01,.532,-.648,.546);es="Linear";ed="In";};["LArmJ"]={cf=cfr(0,0,0,.942,-.329,.069,.335,.932,-.138,-.019,.153,.988);es="Linear";ed="In";};["LHandN"]={cf=cfr(-.003,-.002,-.004,.855,.418,-.308,.117,.423,.899,.506,-.804,.312);es="Linear";ed="In";};["LThumbNa"]={cf=cfr(0,0,0,.858,-.489,-.156,.506,.858,.094,.088,-.159,.983);es="Linear";ed="In";};["LThumbNb"]={cf=cfr(0,0,0,1,0,0,0,1,0,0,0,1);es="Linear";ed="In";};["L3rdNa"]={cf=cfr(0,0,0,.978,.21,.005,-.199,.917,.345,.068,-.339,.938);es="Linear";ed="In";};["L3rdNb"]={cf=cfr(0,0,0,1,0,0,0,1,0,0,0,1);es="Linear";ed="In";};["L2ndNa"]={cf=cfr(0,0,0,1,.001,-.012,.003,.939,.345,.012,-.345,.939);es="Linear";ed="In";};["L2ndNb"]={cf=cfr(0,0,0,1,0,0,0,1,0,0,0,1);es="Linear";ed="In";};["L1stNa"]={cf=cfr(0,0,0,.929,-.368,-.044,.361,.871,.334,-.084,-.326,.942);es="Linear";ed="In";};["L1stNb"]={cf=cfr(0,0,0,1,0,0,0,1,0,0,0,1);es="Linear";ed="In";};["L4thNa"]={cf=cfr(0,0,0,.929,.367,.046,-.36,.87,.336,.083,-.329,.941);es="Linear";ed="In";};["L4thNb"]={cf=cfr(0,0,0,1,0,0,0,1,0,0,0,1);es="Linear";ed="In";};["LHandNb"]={cf=cfr(-.04,-.015,.028,.383,-.867,.318,.923,.37,-.104,-.028,.333,.942);es="Linear";ed="In";};["LASabN"]={cf=cfr(-.082,.064,-.003,.581,.016,.814,-.013,1,-.011,-.814,-.004,.581);es="Linear";ed="In";};["LSSabN"]={cf=cfr(0,0,0,.54,-.003,.842,-.004,1,.006,-.842,-.006,.54);es="Linear";ed="In";};["BackN"]={cf=cfr(0,0,0,1,0,0,0,1,0,0,0,1);es="Linear";ed="In";};["ReflectorN"]={cf=cfr(0,0,0,1,0,0,0,1,0,0,0,1);es="Linear";ed="In";};["TailNa"]={cf=cfr(0,-.327,-.144,.852,-.004,-.523,-.429,.567,-.703,.299,.824,.482);es="Linear";ed="In";};["TailNb"]={cf=cfr(0,.288,.212,.964,-.266,.024,.221,.741,-.634,.151,.616,.773);es="Linear";ed="In";};["TailNc"]={cf=cfr(0,0,0,.997,.069,-.045,-.082,.856,-.51,.004,.512,.859);es="Linear";ed="In";};["LSSabN_end"]={cf=cfr(2.845,-3.316,.749,-.335,.872,-.357,-.665,.049,.745,.667,.487,.563);es="Linear";ed="In";};["FaceM_end"]={cf=cfr(0,0,0,1,0,0,0,1,0,0,0,1);es="Linear";ed="In";};["BlasterM_end"]={cf=cfr(0,0,0,1,0,0,0,1,0,0,0,1);es="Linear";ed="In";};["L2ndNb_end"]={cf=cfr(-6.777,-6.543,9.682,-.814,-.283,.507,.567,-.194,.801,-.128,.939,.318);es="Linear";ed="In";};["FacePattern"]={cf=cfr(0,0,0,1,0,0,0,1,0,0,0,1);es="Linear";ed="In";};["EyeYellowM"]={cf=cfr(0,0,0,1,0,0,0,1,0,0,0,1);es="Linear";ed="In";};["ReflectorN_end"]={cf=cfr(-.839,-1.982,1.214,-.069,-.378,-.923,-.274,.897,-.347,.959,.229,-.166);es="Linear";ed="In";};["RHaveN"]={cf=cfr(-4.642,1.412,-3.981,.881,.465,.088,-.467,.884,.004,-.076,-.045,.996);es="Linear";ed="In";};["ThrowN_end"]={cf=cfr(0,0,0,1,0,0,0,1,0,0,0,1);es="Linear";ed="In";};["BlasterM"]={cf=cfr(0,0,0,1,0,0,0,1,0,0,0,1);es="Linear";ed="In";};["LThumbNb_end"]={cf=cfr(-.517,-10.80,4.12,-.997,-.066,.03,.068,-.706,.705,-.026,.706,.708);es="Linear";ed="In";};["R4thNb_end"]={cf=cfr(3.995,2.803,1.583,.996,.075,-.045,.088,-.799,.595,.009,-.597,-.802);es="Linear";ed="In";};["BlinkHalfM"]={cf=cfr(0,0,0,1,0,0,0,1,0,0,0,1);es="Linear";ed="In";};["RThumbNb_end"]={cf=cfr(5.341,-2.699,-.498,.922,-.359,.144,.386,.848,-.362,.008,.389,.921);es="Linear";ed="In";};["L4thNb_end"]={cf=cfr(-7.999,9.137,2.179,-.812,-.278,.514,-.283,.957,.071,-.511,-.088,-.855);es="Linear";ed="In";};["OuchM"]={cf=cfr(0,0,0,1,0,0,0,1,0,0,0,1);es="Linear";ed="In";};["LASabN_end"]={cf=cfr(-.146,-7.492,-.49,-.803,.556,.213,-.387,-.759,.524,.454,.338,.824);es="Linear";ed="In";};["BackN_end"]={cf=cfr(-2.269,-1.85,.86,-.294,-.346,-.891,.102,.915,-.389,.95,-.205,-.234);es="Linear";ed="In";};["R2ndNb_end"]={cf=cfr(3.986,-4.485,2.19,.996,.071,-.061,-.047,.941,.336,.081,-.332,.94);es="Linear";ed="In";};["FitFox00.ao"]={cf=cfr(0,0,0,1,0,0,0,1,0,0,0,1);es="Linear";ed="In";};["BlinkM_end"]={cf=cfr(0,0,0,1,0,0,0,1,0,0,0,1);es="Linear";ed="In";};["OuchM_end"]={cf=cfr(0,0,0,1,0,0,0,1,0,0,0,1);es="Linear";ed="In";};["LHandNb_end"]={cf=cfr(.123,-10.24,-2.883,.528,-.192,-.827,-.323,-.946,.013,-.785,.26,-.562);es="Linear";ed="In";};["RToeN_end"]={cf=cfr(-1.69,2.628,.025,-.867,-.499,-.004,.499,-.866,-.017,.005,-.017,1);es="Linear";ed="In";};["RHandNb_end"]={cf=cfr(-.822,-5.091,4.065,.986,-.126,-.108,.107,.98,-.169,.128,.155,.98);es="Linear";ed="In";};["RHaveN_end"]={cf=cfr(0,0,0,1,0,0,0,1,0,0,0,1);es="Linear";ed="In";};["TailNc_end"]={cf=cfr(4.541,3.37,.228,.649,.199,.735,.524,.584,-.62,-.552,.787,.275);es="Linear";ed="In";};["LHaveN_end"]={cf=cfr(0,0,0,1,0,0,0,1,0,0,0,1);es="Linear";ed="In";};["FaceM"]={cf=cfr(0,0,0,1,0,0,0,1,0,0,0,1);es="Linear";ed="In";};["ScopeN_end"]={cf=cfr(-.398,.65,2.535,.954,-.163,-.254,.15,.986,-.07,.261,.028,.965);es="Linear";ed="In";};["L1stNb_end"]={cf=cfr(-6.16,-10.46,5.975,-.816,-.283,.504,.558,-.617,.555,.154,.734,.661);es="Linear";ed="In";};["LHaveN"]={cf=cfr(8.566,-1.711,-6.398,-.826,.304,-.475,.491,.802,-.341,.277,-.514,-.812);es="Linear";ed="In";};["R1stNb_end"]={cf=cfr(3.986,-5.004,1.025,.996,.076,-.042,-.073,.994,.076,.047,-.073,.996);es="Linear";ed="In";};["LToeN_end"]={cf=cfr(3.37,-4.351,.791,-.451,.876,-.17,-.888,-.46,-.018,-.094,.142,.985);es="Linear";ed="In";};["RASabN_end"]={cf=cfr(4.455,-2.203,3.347,.883,-.311,-.352,.328,.945,-.012,.336,-.105,.936);es="Linear";ed="In";};["RootNode"]={cf=cfr(0,0,0,-1,0,0,0,1,0,0,0,-1);es="Linear";ed="In";};["ThrowN"]={cf=cfr(-.282,0,0,1,0,0,0,1,0,0,0,1);es="Linear";ed="In";};["RSSabN_end"]={cf=cfr(1.89,1.136,1.979,.387,-.831,-.399,.921,.368,.127,.041,-.417,.908);es="Linear";ed="In";};["MouthN_end"]={cf=cfr(-.007,.638,-2.134,.939,.151,-.309,-.187,.978,-.09,.288,.142,.947);es="Linear";ed="In";};};{tm=.172;["BlinkM"]={cf=cfr(0,0,0,1,0,0,0,1,0,0,0,1);es="Linear";ed="In";};["BlinkHalfM_end"]={cf=cfr(0,0,0,1,0,0,0,1,0,0,0,1);es="Linear";ed="In";};["R3rdNb_end"]={cf=cfr(3.984,1.774,3.039,.996,.076,-.04,.073,-.49,.869,.047,-.869,-.493);es="Linear";ed="In";};["EyeYellowM_end"]={cf=cfr(0,0,0,1,0,0,0,1,0,0,0,1);es="Linear";ed="In";};["L3rdNb_end"]={cf=cfr(-7.332,5.698,8.755,-.812,-.277,.514,.124,.779,.615,-.571,.563,-.598);es="Linear";ed="In";};["FitFox00.mo"]={cf=cfr(0,0,0,1,0,0,0,1,0,0,0,1);es="Linear";ed="In";};["TopN"]={cf=cfr(0,0,0,1,0,0,0,1,0,0,0,1);es="Linear";ed="In";};["TransN"]={cf=cfr(-2.412,0,0,1,0,0,0,1,0,0,0,1);es="Linear";ed="In";};["XRotN"]={cf=cfr(.282,0,0,1,0,0,0,1,0,0,0,1);es="Linear";ed="In";};["YRotN"]={cf=cfr(0,0,0,1,0,0,0,1,0,0,0,1);es="Linear";ed="In";};["HipN"]={cf=cfr(2.657,.496,.019,-.264,-.236,.935,.304,.9,.313,-.915,.367,-.166);es="Linear";ed="In";};["LLegJ"]={cf=cfr(0,0,0,-.704,.203,-.68,-.04,.946,.323,.709,.255,-.658);es="Linear";ed="In";};["LKneeJ"]={cf=cfr(-.001,0,0,.701,.058,.711,-.012,.997,-.071,-.713,.041,.7);es="Linear";ed="In";};["LFootJ"]={cf=cfr(-.037,-.006,.004,.573,-.212,.792,-.111,.937,.331,-.812,-.278,.514);es="Linear";ed="In";};["LToeN"]={cf=cfr(0,0,0,.425,-.004,-.905,.071,.997,.029,.902,-.077,.424);es="Linear";ed="In";};["RLegJ"]={cf=cfr(0,0,0,.059,-.367,.928,.015,.93,.366,-.998,-.007,.061);es="Linear";ed="In";};["RKneeJ"]={cf=cfr(.001,0,0,.964,.236,.126,-.229,.971,-.068,-.138,.037,.99);es="Linear";ed="In";};["RFootJ"]={cf=cfr(.033,-.016,-.128,.486,-.032,.873,.038,.999,.016,-.873,.025,.487);es="Linear";ed="In";};["RToeN"]={cf=cfr(0,0,0,1,.004,.021,-.004,1,-.002,-.021,.002,1);es="Linear";ed="In";};["WaistN"]={cf=cfr(0,0,0,.707,.182,.684,-.018,.971,-.24,-.707,.157,.689);es="Linear";ed="In";};["BustN"]={cf=cfr(0,0,0,.986,.053,.158,-.019,.978,-.208,-.166,.202,.965);es="Linear";ed="In";};["RShoulderN"]={cf=cfr(0,0,0,.992,.06,.113,-.097,.929,.358,-.084,-.366,.927);es="Linear";ed="In";};["RShoulderJ"]={cf=cfr(0,0,0,.638,-.353,-.685,.697,.643,.318,.329,-.68,.656);es="Linear";ed="In";};["RArmJ"]={cf=cfr(0,0,0,.926,-.377,-.001,.377,.926,.001,0,-.001,1);es="Linear";ed="In";};["RHandN"]={cf=cfr(-.003,.001,-.008,.495,.794,-.353,.146,.324,.935,.857,-.514,.045);es="Linear";ed="In";};["RThumbNa"]={cf=cfr(0,0,0,.858,-.489,-.156,.505,.858,.094,.088,-.159,.983);es="Linear";ed="In";};["RThumbNb"]={cf=cfr(0,0,0,1,0,0,0,1,0,0,0,1);es="Linear";ed="In";};["R2ndNa"]={cf=cfr(0,0,0,1,.002,-.015,.004,.939,.345,.015,-.345,.939);es="Linear";ed="In";};["R2ndNb"]={cf=cfr(0,0,0,1,0,0