-- // converted using mech's animoduler
local cfr = CFrame.new

return {{tm=0;["BlinkM"]={cf=cfr(0,0,0,1,0,0,0,1,0,0,0,1);es="Linear";ed="In";};["BlinkHalfM_end"]={cf=cfr(0,0,0,1,0,0,0,1,0,0,0,1);es="Linear";ed="In";};["R3rdNb_end"]={cf=cfr(3.984,1.774,3.039,.996,.076,-.04,.073,-.49,.869,.047,-.869,-.493);es="Linear";ed="In";};["EyeYellowM_end"]={cf=cfr(0,0,0,1,0,0,0,1,0,0,0,1);es="Linear";ed="In";};["L3rdNb_end"]={cf=cfr(-7.332,5.698,8.755,-.812,-.277,.514,.124,.779,.615,-.571,.563,-.598);es="Linear";ed="In";};["FitFox00.mo"]={cf=cfr(0,0,0,1,0,0,0,1,0,0,0,1);es="Linear";ed="In";};["TopN"]={cf=cfr(0,0,0,1,0,0,0,1,0,0,0,1);es="Linear";ed="In";};["TransN"]={cf=cfr(0,0,0,1,0,0,0,1,0,0,0,1);es="Linear";ed="In";};["XRotN"]={cf=cfr(.282,0,0,1,0,0,0,1,0,0,0,1);es="Linear";ed="In";};["YRotN"]={cf=cfr(0,0,0,1,0,0,0,1,0,0,0,1);es="Linear";ed="In";};["HipN"]={cf=cfr(-.168,-.134,.207,.858,.45,-.248,-.482,.872,-.087,.177,.194,.965);es="Linear";ed="In";};["LLegJ"]={cf=cfr(0,0,0,.98,.003,-.2,.034,.983,.179,.197,-.183,.963);es="Linear";ed="In";};["LKneeJ"]={cf=cfr(-.001,0,0,.207,-.148,.967,.017,.989,.148,-.978,-.014,.207);es="Linear";ed="In";};["LFootJ"]={cf=cfr(-.057,-.016,.008,.981,-.014,.192,0,.997,.072,-.192,-.071,.979);es="Linear";ed="In";};["LToeN"]={cf=cfr(0,0,0,1,0,0,0,1,0,0,0,1);es="Linear";ed="In";};["RLegJ"]={cf=cfr(0,0,0,.417,.043,-.908,.044,.997,.067,.908,-.068,.414);es="Linear";ed="In";};["RKneeJ"]={cf=cfr(.003,.001,0,.018,-.052,.999,-.104,.993,.053,-.994,-.105,.012);es="Linear";ed="In";};["RFootJ"]={cf=cfr(.062,-.001,-.008,.983,.131,.131,-.127,.991,-.036,-.134,.019,.991);es="Linear";ed="In";};["RToeN"]={cf=cfr(0,0,0,1,0,0,0,1,0,0,0,1);es="Linear";ed="In";};["WaistN"]={cf=cfr(0,0,0,.923,-.322,-.21,.34,.939,.056,.179,-.123,.976);es="Linear";ed="In";};["BustN"]={cf=cfr(0,0,0,.793,-.224,.567,.26,.965,.018,-.551,.133,.824);es="Linear";ed="In";};["RShoulderN"]={cf=cfr(0,0,0,.998,-.04,.051,.022,.947,.319,-.061,-.318,.946);es="Linear";ed="In";};["RShoulderJ"]={cf=cfr(0,0,0,.829,.199,-.522,-.329,.929,-.169,.451,.312,.836);es="Linear";ed="In";};["RArmJ"]={cf=cfr(0,0,0,.626,-.779,.011,.779,.626,-.006,-.002,.012,1);es="Linear";ed="In";};["RHandN"]={cf=cfr(.008,.001,.001,.959,-.284,.003,.284,.959,.001,-.004,0,1);es="Linear";ed="In";};["RThumbNa"]={cf=cfr(0,0,0,.803,-.033,.595,.325,.862,-.39,-.5,.506,.703);es="Linear";ed="In";};["RThumbNb"]={cf=cfr(0,0,0,.932,.056,-.359,-.086,.994,-.069,.353,.095,.931);es="Linear";ed="In";};["R2ndNa"]={cf=cfr(0,0,0,1,-.001,.006,.005,.587,-.81,-.003,.81,.587);es="Linear";ed="In";};["R2ndNb"]={cf=cfr(0,0,0,1,.002,.003,.002,.454,-.891,-.004,.891,.454);es="Linear";ed="In";};["R1stNa"]={cf=cfr(0,0,0,1,-.029,-.002,.02,.716,-.697,.021,.697,.717);es="Linear";ed="In";};["R1stNb"]={cf=cfr(0,0,0,1,.002,.003,.002,.549,-.836,-.004,.836,.549);es="Linear";ed="In";};["R3rdNa"]={cf=cfr(0,0,0,1,.03,.003,-.012,.498,-.867,-.028,.867,.498);es="Linear";ed="In";};["R3rdNb"]={cf=cfr(0,0,0,1,.002,.003,.002,.456,-.89,-.004,.89,.456);es="Linear";ed="In";};["RHandNb"]={cf=cfr(-.006,.001,-.026,.998,.061,-.035,-.068,.962,-.265,.018,.267,.964);es="Linear";ed="In";};["R4thNa"]={cf=cfr(0,0,0,.996,.09,.015,-.024,.416,-.909,-.088,.905,.417);es="Linear";ed="In";};["R4thNb"]={cf=cfr(0,0,0,1,.002,.003,.002,.41,-.912,-.003,.912,.41);es="Linear";ed="In";};["RASabN"]={cf=cfr(.125,-.336,.002,.858,.169,.484,-.142,.985,-.093,-.493,.011,.87);es="Linear";ed="In";};["RSSabN"]={cf=cfr(0,0,0,.862,-.002,.506,-.002,1,.006,-.506,-.006,.862);es="Linear";ed="In";};["NeckN"]={cf=cfr(0,0,0,.95,.305,.07,-.309,.949,.062,-.048,-.08,.996);es="Linear";ed="In";};["HeadN"]={cf=cfr(0,0,0,.931,-.259,.257,.266,.964,.006,-.249,.063,.966);es="Linear";ed="In";};["ScopeN"]={cf=cfr(0,0,0,1,0,0,0,1,0,0,0,1);es="Linear";ed="In";};["MouthN"]={cf=cfr(0,0,0,.987,0,.16,0,1,0,-.16,0,.987);es="Linear";ed="In";};["LShoulderN"]={cf=cfr(0,0,0,.998,-.035,.05,.018,.953,.304,-.058,-.302,.951);es="Linear";ed="In";};["LShoulderJ"]={cf=cfr(0,0,0,.914,-.051,-.403,-.048,.972,-.23,.403,.23,.886);es="Linear";ed="In";};["LArmJ"]={cf=cfr(0,0,0,.711,-.703,.008,.703,.711,-.001,-.005,.006,1);es="Linear";ed="In";};["LHandN"]={cf=cfr(-.009,-.001,-.002,.893,-.447,-.056,.441,.892,-.095,.092,.06,.994);es="Linear";ed="In";};["LThumbNa"]={cf=cfr(0,0,0,.996,.016,.092,.024,.908,-.419,-.09,.419,.904);es="Linear";ed="In";};["LThumbNb"]={cf=cfr(0,0,0,.998,.068,-.001,-.068,.998,0,.001,0,1);es="Linear";ed="In";};["L3rdNa"]={cf=cfr(0,0,0,.999,.042,-.001,-.03,.711,-.703,-.029,.702,.711);es="Linear";ed="In";};["L3rdNb"]={cf=cfr(0,0,0,1,-.002,-.001,0,.581,-.814,.002,.814,.581);es="Linear";ed="In";};["L2ndNa"]={cf=cfr(0,0,0,1,-.006,.001,.005,.712,-.703,.003,.703,.712);es="Linear";ed="In";};["L2ndNb"]={cf=cfr(0,0,0,1,-.002,-.001,0,.578,-.816,.002,.816,.578);es="Linear";ed="In";};["L1stNa"]={cf=cfr(0,0,0,.999,-.051,-.008,.035,.781,-.624,.039,.623,.781);es="Linear";ed="In";};["L1stNb"]={cf=cfr(0,0,0,1,0,-.002,-.002,.711,-.703,.002,.703,.711);es="Linear";ed="In";};["LHandNb"]={cf=cfr(.017,-.006,.039,.981,.172,-.092,-.195,.899,-.392,.015,.402,.916);es="Linear";ed="In";};["L4thNa"]={cf=cfr(0,0,0,.991,.134,.016,-.084,.706,-.704,-.106,.696,.71);es="Linear";ed="In";};["L4thNb"]={cf=cfr(0,0,0,1,0,-.002,-.002,.514,-.858,.001,.858,.514);es="Linear";ed="In";};["LASabN"]={cf=cfr(-.127,.29,-.002,.91,.154,.385,-.131,.988,-.086,-.393,.028,.919);es="Linear";ed="In";};["LSSabN"]={cf=cfr(0,0,0,.912,-.001,.411,-.001,1,.005,-.411,-.005,.912);es="Linear";ed="In";};["BackN"]={cf=cfr(0,0,0,.849,.527,-.033,-.518,.82,-.243,-.101,.224,.969);es="Linear";ed="In";};["ReflectorN"]={cf=cfr(0,0,0,1,0,0,0,1,0,0,0,1);es="Linear";ed="In";};["TailNa"]={cf=cfr(0,0,0,.981,.101,-.168,.001,.855,.519,.196,-.509,.838);es="Linear";ed="In";};["TailNb"]={cf=cfr(0,0,0,.994,.111,-.02,-.09,.887,.453,.068,-.448,.891);es="Linear";ed="In";};["TailNc"]={cf=cfr(0,0,0,1,0,0,0,.985,-.173,0,.173,.985);es="Linear";ed="In";};["LSSabN_end"]={cf=cfr(2.845,-3.316,.749,-.335,.872,-.357,-.665,.049,.745,.667,.487,.563);es="Linear";ed="In";};["FaceM_end"]={cf=cfr(0,0,0,1,0,0,0,1,0,0,0,1);es="Linear";ed="In";};["BlasterM_end"]={cf=cfr(0,0,0,1,0,0,0,1,0,0,0,1);es="Linear";ed="In";};["L2ndNb_end"]={cf=cfr(-6.777,-6.543,9.682,-.814,-.283,.507,.567,-.194,.801,-.128,.939,.318);es="Linear";ed="In";};["RThumbNb_end"]={cf=cfr(5.341,-2.699,-.498,.922,-.359,.144,.386,.848,-.362,.008,.389,.921);es="Linear";ed="In";};["FacePattern"]={cf=cfr(0,0,0,1,0,0,0,1,0,0,0,1);es="Linear";ed="In";};["EyeYellowM"]={cf=cfr(0,0,0,1,0,0,0,1,0,0,0,1);es="Linear";ed="In";};["LThumbNb_end"]={cf=cfr(-.517,-10.80,4.12,-.997,-.066,.03,.068,-.706,.705,-.026,.706,.708);es="Linear";ed="In";};["ReflectorN_end"]={cf=cfr(-.839,-1.982,1.214,-.069,-.378,-.923,-.274,.897,-.347,.959,.229,-.166);es="Linear";ed="In";};["RHaveN"]={cf=cfr(-4.642,1.412,-3.981,.881,.465,.088,-.467,.884,.004,-.076,-.045,.996);es="Linear";ed="In";};["ThrowN_end"]={cf=cfr(0,0,0,1,0,0,0,1,0,0,0,1);es="Linear";ed="In";};["BlasterM"]={cf=cfr(0,0,0,1,0,0,0,1,0,0,0,1);es="Linear";ed="In";};["BlinkHalfM"]={cf=cfr(0,0,0,1,0,0,0,1,0,0,0,1);es="Linear";ed="In";};["R4thNb_end"]={cf=cfr(3.995,2.803,1.583,.996,.075,-.045,.088,-.799,.595,.009,-.597,-.802);es="Linear";ed="In";};["RSSabN_end"]={cf=cfr(1.89,1.136,1.979,.387,-.831,-.399,.921,.368,.127,.041,-.417,.908);es="Linear";ed="In";};["BackN_end"]={cf=cfr(-2.269,-1.85,.86,-.294,-.346,-.891,.102,.915,-.389,.95,-.205,-.234);es="Linear";ed="In";};["OuchM"]={cf=cfr(0,0,0,1,0,0,0,1,0,0,0,1);es="Linear";ed="In";};["BlinkM_end"]={cf=cfr(0,0,0,1,0,0,0,1,0,0,0,1);es="Linear";ed="In";};["OuchM_end"]={cf=cfr(0,0,0,1,0,0,0,1,0,0,0,1);es="Linear";ed="In";};["LHandNb_end"]={cf=cfr(.123,-10.24,-2.883,.528,-.192,-.827,-.323,-.946,.013,-.785,.26,-.562);es="Linear";ed="In";};["FitFox00.ao"]={cf=cfr(0,0,0,1,0,0,0,1,0,0,0,1);es="Linear";ed="In";};["RootNode"]={cf=cfr(0,0,0,-1,0,0,0,1,0,0,0,-1);es="Linear";ed="In";};["LToeN_end"]={cf=cfr(3.37,-4.351,.791,-.451,.876,-.17,-.888,-.46,-.018,-.094,.142,.985);es="Linear";ed="In";};["TailNc_end"]={cf=cfr(4.541,3.37,.228,.649,.199,.735,.524,.584,-.62,-.552,.787,.275);es="Linear";ed="In";};["RHaveN_end"]={cf=cfr(0,0,0,1,0,0,0,1,0,0,0,1);es="Linear";ed="In";};["R1stNb_end"]={cf=cfr(3.986,-5.004,1.025,.996,.076,-.042,-.073,.994,.076,.047,-.073,.996);es="Linear";ed="In";};["LHaveN_end"]={cf=cfr(0,0,0,1,0,0,0,1,0,0,0,1);es="Linear";ed="In";};["LHaveN"]={cf=cfr(8.566,-1.711,-6.398,-.826,.304,-.475,.491,.802,-.341,.277,-.514,-.812);es="Linear";ed="In";};["FaceM"]={cf=cfr(0,0,0,1,0,0,0,1,0,0,0,1);es="Linear";ed="In";};["ScopeN_end"]={cf=cfr(-.398,.65,2.535,.954,-.163,-.254,.15,.986,-.07,.261,.028,.965);es="Linear";ed="In";};["L1stNb_end"]={cf=cfr(-6.16,-10.46,5.975,-.816,-.283,.504,.558,-.617,.555,.154,.734,.661);es="Linear";ed="In";};["RHandNb_end"]={cf=cfr(-.822,-5.091,4.065,.986,-.126,-.108,.107,.98,-.169,.128,.155,.98);es="Linear";ed="In";};["RToeN_end"]={cf=cfr(-1.69,2.628,.025,-.867,-.499,-.004,.499,-.866,-.017,.005,-.017,1);es="Linear";ed="In";};["RASabN_end"]={cf=cfr(4.455,-2.203,3.347,.883,-.311,-.352,.328,.945,-.012,.336,-.105,.936);es="Linear";ed="In";};["R2ndNb_end"]={cf=cfr(3.986,-4.485,2.19,.996,.071,-.061,-.047,.941,.336,.081,-.332,.94);es="Linear";ed="In";};["LASabN_end"]={cf=cfr(-.146,-7.492,-.49,-.803,.556,.213,-.387,-.759,.524,.454,.338,.824);es="Linear";ed="In";};["ThrowN"]={cf=cfr(-.282,0,0,1,0,0,0,1,0,0,0,1);es="Linear";ed="In";};["L4thNb_end"]={cf=cfr(-7.999,9.137,2.179,-.812,-.278,.514,-.283,.957,.071,-.511,-.088,-.855);es="Linear";ed="In";};["MouthN_end"]={cf=cfr(-.007,.638,-2.134,.939,.151,-.309,-.187,.978,-.09,.288,.142,.947);es="Linear";ed="In";};};{tm=.043;["BlinkM"]={cf=cfr(0,0,0,1,0,0,0,1,0,0,0,1);es="Linear";ed="In";};["BlinkHalfM_end"]={cf=cfr(0,0,0,1,0,0,0,1,0,0,0,1);es="Linear";ed="In";};["R3rdNb_end"]={cf=cfr(3.984,1.774,3.039,.996,.076,-.04,.073,-.49,.869,.047,-.869,-.493);es="Linear";ed="In";};["EyeYellowM_end"]={cf=cfr(0,0,0,1,0,0,0,1,0,0,0,1);es="Linear";ed="In";};["L3rdNb_end"]={cf=cfr(-7.332,5.698,8.755,-.812,-.277,.514,.124,.779,.615,-.571,.563,-.598);es="Linear";ed="In";};["FitFox00.mo"]={cf=cfr(0,0,0,1,0,0,0,1,0,0,0,1);es="Linear";ed="In";};["TopN"]={cf=cfr(0,0,0,1,0,0,0,1,0,0,0,1);es="Linear";ed="In";};["TransN"]={cf=cfr(0,0,0,1,0,0,0,1,0,0,0,1);es="Linear";ed="In";};["XRotN"]={cf=cfr(.282,0,0,1,0,0,0,1,0,0,0,1);es="Linear";ed="In";};["YRotN"]={cf=cfr(0,0,0,1,0,0,0,1,0,0,0,1);es="Linear";ed="In";};["HipN"]={cf=cfr(-.445,-.212,.141,.419,.84,-.344,-.908,.395,-.142,.017,.371,.928);es="Linear";ed="In";};["LLegJ"]={cf=cfr(0,0,0,.702,.163,-.693,.147,.919,.365,.697,-.358,.622);es="Linear";ed="In";};["LKneeJ"]={cf=cfr(-.001,0,0,-.015,-.332,.943,-.029,.943,.332,-.999,-.023,-.023);es="Linear";ed="In";};["LFootJ"]={cf=cfr(-.057,-.016,.008,.887,-.019,.461,-.004,.999,.05,-.461,-.046,.886);es="Linear";ed="In";};["LToeN"]={cf=cfr(0,0,0,1,0,0,0,1,0,0,0,1);es="Linear";ed="In";};["RLegJ"]={cf=cfr(0,0,0,.349,.021,-.937,.093,.994,.057,.933,-.107,.345);es="Linear";ed="In";};["RKneeJ"]={cf=cfr(.003,.001,0,-.203,-.187,.961,-.155,.975,.157,-.967,-.117,-.227);es="Linear";ed="In";};["RFootJ"]={cf=cfr(.062,-.001,-.008,.976,.13,.174,-.125,.991,-.036,-.177,.014,.984);es="Linear";ed="In";};["RToeN"]={cf=cfr(0,0,0,1,0,0,0,1,0,0,0,1);es="Linear";ed="In";};["WaistN"]={cf=cfr(0,0,0,.833,-.405,-.377,.446,.895,.022,.329,-.186,.926);es="Linear";ed="In";};["BustN"]={cf=cfr(0,0,0,.716,-.282,.638,.366,.931,.001,-.594,.233,.77);es="Linear";ed="In";};["RShoulderN"]={cf=cfr(0,0,0,.999,-.029,.035,.021,.976,.219,-.041,-.218,.975);es="Linear";ed="In";};["RShoulderJ"]={cf=cfr(0,0,0,.86,-.075,-.505,-.132,.922,-.363,.493,.379,.783);es="Linear";ed="In";};["RArmJ"]={cf=cfr(0,0,0,.516,-.856,.018,.857,.516,-.007,-.003,.019,1);es="Linear";ed="In";};["RHandN"]={cf=cfr(.008,.001,.001,.99,-.142,-.001,.142,.99,.001,.001,-.001,1);es="Linear";ed="In";};["RThumbNa"]={cf=cfr(0,0,0,.808,-.127,.576,.402,.834,-.379,-.432,.538,.724);es="Linear";ed="In";};["RThumbNb"]={cf=cfr(0,0,0,.955,.051,-.292,-.073,.995,-.065,.287,.083,.954);es="Linear";ed="In";};["R2ndNa"]={cf=cfr(0,0,0,1,-.001,.005,.005,.743,-.669,-.003,.669,.743);es="Linear";ed="In";};["R2ndNb"]={cf=cfr(0,0,0,1,.002,.003,.001,.531,-.848,-.004,.848,.531);es="Linear";ed="In";};["R1stNa"]={cf=cfr(0,0,0,.998,-.07,-.002,.06,.872,-.487,.036,.485,.874);es="Linear";ed="In";};["R1stNb"]={cf=cfr(0,0,0,1,.002,.003,.001,.719,-.695,-.004,.695,.719);es="Linear";ed="In";};["R3rdNa"]={cf=cfr(0,0,0,.999,.048,.003,-.03,.685,-.728,-.037,.727,.685);es="Linear";ed="In";};["R3rdNb"]={cf=cfr(0,0,0,1,.002,.003,.001,.534,-.845,-.004,.845,.534);es="Linear";ed="In";};["RHandNb"]={cf=cfr(-.005,.001,-.024,1,.027,-.015,-.029,.991,-.128,.012,.129,.992);es="Linear";ed="In";};["R4thNa"]={cf=cfr(0,0,0,.983,.183,.022,-.099,.624,-.775,-.156,.76,.631);es="Linear";ed="In";};["R4thNb"]={cf=cfr(0,0,0,1,.002,.003,.002,.439,-.898,-.004,.898,.439);es="Linear";ed="In";};["RASabN"]={cf=cfr(.116,-.347,.002,.843,.209,.495,-.174,.978,-.117,-.509,.013,.861);es="Linear";ed="In";};["RSSabN"]={cf=cfr(0,0,0,.85,-.002,.527,-.002,1,.006,-.527,-.006,.85);es="Linear";ed="In";};["NeckN"]={cf=cfr(0,0,0,.98,.197,.025,-.198,.953,.229,.022,-.229,.973);es="Linear";ed="In";};["HeadN"]={cf=cfr(0,0,0,.839,-.462,.287,.455,.885,.096,-.298,.05,.953);es="Linear";ed="In";};["ScopeN"]={cf=cfr(0,0,0,1,0,0,0,1,0,0,0,1);es="Linear";ed="In";};["MouthN"]={cf=cfr(0,0,0,.987,0,.16,0,1,0,-.16,0,.987);es="Linear";ed="In";};["LShoulderN"]={cf=cfr(0,0,0,.998,-.036,.053,.016,.94,.341,-.062,-.34,.939);es="Linear";ed="In";};["LShoulderJ"]={cf=cfr(0,0,0,.828,.085,-.554,-.168,.981,-.101,.535,.176,.826);es="Linear";ed="In";};["LArmJ"]={cf=cfr(0,0,0,.651,-.759,.007,.759,.651,0,-.004,.006,1);es="Linear";ed="In";};["LHandN"]={cf=cfr(-.009,-.001,-.002,.893,-.447,-.054,.441,.892,-.094,.091,.06,.994);es="Linear";ed="In";};["LThumbNa"]={cf=cfr(0,0,0,.94,-.231,.249,.325,.829,-.456,-.101,.51,.854);es="Linear";ed="In";};["LThumbNb"]={cf=cfr(0,0,0,.999,.045,-.001,-.045,.999,0,.001,0,1);es="Linear";ed="In";};["L3rdNa"]={cf=cfr(0,0,0,.996,.084,-.001,-.076,.896,-.437,-.036,.436,.899);es="Linear";ed="In";};["L3rdNb"]={cf=cfr(0,0,0,1,-.002,-.001,0,.669,-.744,.002,.744,.669);es="Linear";ed="In";};["L2ndNa"]={cf=cfr(0,0,0,1,-.005,.001,.005,.899,-.437,.001,.437,.899);es="Linear";ed="In";};["L2ndNb"]={cf=cfr(0,0,0,1,-.002,-.001,0,.652,-.758,.002,.758,.652);es="Linear";ed="In";};["L1stNa"]={cf=cfr(0,0,0,.993,-.118,-.009,.114,.969,-.219,.035,.217,.976);es="Linear";ed="In";};["L1stNb"]={cf=cfr(0,0,0,1,0,-.002,-.001,.899,-.437,.002,.437,.899);es="Linear";ed="In";};["LHandNb"]={cf=cfr(.017,-.006,.039,.981,.172,-.092,-.195,.899,-.392,.015,.402,.916);es="Linear";ed="In";};["L4thNa"]={cf=cfr(0,0,0,.954,.298,.039,-.25,.86,-.445,-.166,.415,.895);es="Linear";ed="In";};["L4thNb"]={cf=cfr(0,0,0,1,0,-.002,-.002,.529,-.849,.001,.849,.529);es="Linear";ed="In";};["LASabN"]={cf=cfr(-.127,.291,-.002,.833,.189,.52,-.132,.981,-.144,-.537,.051,.842);es="Linear";ed="In";};["LSSabN"]={cf=cfr(0,0,0,.833,-.001,.553,-.001,1,.005,-.553,-.005,.833);es="Linear";ed="In";};["BackN"]={cf=cfr(0,0,0,.849,.527,-.033,-.518,.82,-.243,-.101,.224,.969);es="Linear";ed="In";};["ReflectorN"]={cf=cfr(0,0,0,1,0,0,0,1,0,0,0,1);es="Linear";ed="In";};["TailNa"]={cf=cfr(0,0,0,.914,.226,-.336,-.002,.832,.555,.405,-.507,.761);es="Linear";ed="In";};["TailNb"]={cf=cfr(0,0,0,.977,.212,-.036,-.155,.81,.566,.149,-.547,.824);es="Linear";ed="In";};["TailNc"]={cf=cfr(0,0,0,1,0,0,0,.999,.044,0,-.044,.999);es="Linear";ed="In";};["LSSabN_end"]={cf=cfr(2.845,-3.316,.749,-.335,.872,-.357,-.665,.049,.745,.667,.487,.563);es="Linear";ed="In";};["FaceM_end"]={cf=cfr(0,0,0,1,0,0,0,1,0,0,0,1);es="Linear";ed="In";};["BlasterM_end"]={cf=cfr(0,0,0,1,0,0,0,1,0,0,0,1);es="Linear";ed="In";};["L2ndNb_end"]={cf=cfr(-6.777,-6.543,9.682,-.814,-.283,.507,.567,-.194,.801,-.128,.939,.318);es="Linear";ed="In";};["RThumbNb_end"]={cf=cfr(5.341,-2.699,-.498,.922,-.359,.144,.386,.848,-.362,.008,.389,.921);es="Linear";ed="In";};["FacePattern"]={cf=cfr(0,0,0,1,0,0,0,1,0,0,0,1);es="Linear";ed="In";};["EyeYellowM"]={cf=cfr(0,0,0,1,0,0,0,1,0,0,0,1);es="Linear";ed="In";};["LThumbNb_end"]={cf=cfr(-.517,-10.80,4.12,-.997,-.066,.03,.068,-.706,.705,-.026,.706,.708);es="Linear";ed="In";};["ReflectorN_end"]={cf=cfr(-.839,-1.982,1.214,-.069,-.378,-.923,-.274,.897,-.347,.959,.229,-.166);es="Linear";ed="In";};["RHaveN"]={cf=cfr(-4.642,1.412,-3.981,.881,.465,.088,-.467,.884,.004,-.076,-.045,.996);es="Linear";ed="In";};["ThrowN_end"]={cf=cfr(0,0,0,1,0,0,0,1,0,0,0,1);es="Linear";ed="In";};["BlasterM"]={cf=cfr(0,0,0,1,0,0,0,1,0,0,0,1);es="Linear";ed="In";};["BlinkHalfM"]={cf=cfr(0,0,0,1,0,0,0,1,0,0,0,1);es="Linear";ed="In";};["R4thNb_end"]={cf=cfr(3.995,2.803,1.583,.996,.075,-.045,.088,-.799,.595,.009,-.597,-.802);es="Linear";ed="In";};["RSSabN_end"]={cf=cfr(1.89,1.136,1.979,.387,-.831,-.399,.921,.368,.127,.041,-.417,.908);es="Linear";ed="In";};["BackN_end"]={cf=cfr(-2.269,-1.85,.86,-.294,-.346,-.891,.102,.915,-.389,.95,-.205,-.234);es="Linear";ed="In";};["OuchM"]={cf=cfr(0,0,0,1,0,0,0,1,0,0,0,1);es="Linear";ed="In";};["BlinkM_end"]={cf=cfr(0,0,0,1,0,0,0,1,0,0,0,1);es="Linear";ed="In";};["OuchM_end"]={cf=cfr(0,0,0,1,0,0,0,1,0,0,0,1);es="Linear";ed="In";};["LHandNb_end"]={cf=cfr(.123,-10.24,-2.883,.528,-.192,-.827,-.323,-.946,.013,-.785,.26,-.562);es="Linear";ed="In";};["FitFox00.ao"]={cf=cfr(0,0,0,1,0,0,0,1,0,0,0,1);es="Linear";ed="In";};["RootNode"]={cf=cfr(0,0,0,-1,0,0,0,1,0,0,0,-1);es="Linear";ed="In";};["LToeN_end"]={cf=cfr(3.37,-4.351,.791,-.451,.876,-.17,-.888,-.46,-.018,-.094,.142,.985);es="Linear";ed="In";};["TailNc_end"]={cf=cfr(4.541,3.37,.228,.649,.199,.735,.524,.584,-.62,-.552,.787,.275);es="Linear";ed="In";};["RHaveN_end"]={cf=cfr(0,0,0,1,0,0,0,1,0,0,0,1);es="Linear";ed="In";};["R1stNb_end"]={cf=cfr(3.986,-5.004,1.025,.996,.076,-.042,-.073,.994,.076,.047,-.073,.996);es="Linear";ed="In";};["LHaveN_end"]={cf=cfr(0,0,0,1,0,0,0,1,0,0,0,1);es="Linear";ed="In";};["LHaveN"]={cf=cfr(8.566,-1.711,-6.398,-.826,.304,-.475,.491,.802,-.341,.277,-.514,-.812);es="Linear";ed="In";};["FaceM"]={cf=cfr(0,0,0,1,0,0,0,1,0,0,0,1);es="Linear";ed="In";};["ScopeN_end"]={cf=cfr(-.398,.65,2.535,.954,-.163,-.254,.15,.986,-.07,.261,.028,.965);es="Linear";ed="In";};["L1stNb_end"]={cf=cfr(-6.16,-10.46,5.975,-.816,-.283,.504,.558,-.617,.555,.154,.734,.661);es="Linear";ed="In";};["RHandNb_end"]={cf=cfr(-.822,-5.091,4.065,.986,-.126,-.108,.107,.98,-.169,.128,.155,.98);es="Linear";ed="In";};["RToeN_end"]={cf=cfr(-1.69,2.628,.025,-.867,-.499,-.004,.499,-.866,-.017,.005,-.017,1);es="Linear";ed="In";};["RASabN_end"]={cf=cfr(4.455,-2.203,3.347,.883,-.311,-.352,.328,.945,-.012,.336,-.105,.936);es="Linear";ed="In";};["R2ndNb_end"]={cf=cfr(3.986,-4.485,2.19,.996,.071,-.061,-.047,.941,.336,.081,-.332,.94);es="Linear";ed="In";};["LASabN_end"]={cf=cfr(-.146,-7.492,-.49,-.803,.556,.213,-.387,-.759,.524,.454,.338,.824);es="Linear";ed="In";};["ThrowN"]={cf=cfr(-.282,0,0,1,0,0,0,1,0,0,0,1);es="Linear";ed="In";};["L4thNb_end"]={cf=cfr(-7.999,9.137,2.179,-.812,-.278,.514,-.283,.957,.071,-.511,-.088,-.855);es="Linear";ed="In";};["MouthN_end"]={cf=cfr(-.007,.638,-2.134,.939,.151,-.309,-.187,.978,-.09,.288,.142,.947);es="Linear";ed="In";};};{tm=.085;["BlinkM"]={cf=cfr(0,0,0,1,0,0,0,1,0,0,0,1);es="Linear";ed="In";};["BlinkHalfM_end"]={cf=cfr(0,0,0,1,0,0,0,1,0,0,0,1);es="Linear";ed="In";};["R3rdNb_end"]={cf=cfr(3.984,1.774,3.039,.996,.076,-.04,.073,-.49,.869,.047,-.869,-.493);es="Linear";ed="In";};["EyeYellowM_end"]={cf=cfr(0,0,0,1,0,0,0,1,0,0,0,1);es="Linear";ed="In";};["L3rdNb_end"]={cf=cfr(-7.332,5.698,8.755,-.812,-.277,.514,.124,.779,.615,-.571,.563,-.598);es="Linear";ed="In";};["FitFox00.mo"]={cf=cfr(0,0,0,1,0,0,0,1,0,0,0,1);es="Linear";ed="In";};["TopN"]={cf=cfr(0,0,0,1,0,0,0,1,0,0,0,1);es="Linear";ed="In";};["TransN"]={cf=cfr(0,0,0,1,0,0,0,1,0,0,0,1);es="Linear";ed="In";};["XRotN"]={cf=cfr(.282,0,0,1,0,0,0,1,0,0,0,1);es="Linear";ed="In";};["YRotN"]={cf=cfr(0,0,0,1,0,0,0,1,0,0,0,1);es="Linear";ed="In";};["HipN"]={cf=cfr(-.722,-.29,.074,-.136,.878,-.459,-.972,-.208,-.11,-.192,.431,.882);es="Linear";ed="In";};["LLegJ"]={cf=cfr(0,0,0,.136,.211,-.968,.207,.949,.236,.969,-.233,.085);es="Linear";ed="In";};["LKneeJ"]={cf=cfr(-.001,0,0,-.08,-.361,.929,-.065,.932,.356,-.995,-.032,-.097);es="Linear";ed="In";};["LFootJ"]={cf=cfr(-.057,-.016,.008,.782,-.021,.623,-.002,.999,.036,-.623,-.029,.782);es="Linear";ed="In";};["LToeN"]={cf=cfr(0,0,0,1,0,0,0,1,0,0,0,1);es="Linear";ed="In";};["RLegJ"]={cf=cfr(0,0,0,.283,.025,-.959,.143,.987,.068,.948,-.156,.276);es="Linear";ed="In";};["RKneeJ"]={cf=cfr(.003,.001,0,-.384,-.319,.866,-.249,.939,.236,-.889,-.126,-.44);es="Linear";ed="In";};["RFootJ"]={cf=cfr(.062,-.001,-.008,.967,.129,.222,-.124,.992,-.038,-.225,.01,.974);es="Linear";ed="In";};["RToeN"]={cf=cfr(0,0,0,1,0,0,0,1,0,0,0,1);es="Linear";ed="In";};["WaistN"]={cf=cfr(0,0,0,.787,-.463,-.409,.473,.877,-.083,.397,-.128,.909);es="Linear";ed="In";};["BustN"]={cf=cfr(0,0,0,.572,-.314,.758,.507,.862,-.025,-.645,.398,.652);es="Linear";ed="In";};["RShoulderN"]={cf=cfr(0,0,0,1,-.02,.022,.017,.992,.127,-.024,-.127,.992);es="Linear";ed="In";};["RShoulderJ"]={cf=cfr(0,0,0,.849,-.344,-.4,.081,.834,-.545,.522,.431,.736);es="Linear";ed="In";};["RArmJ"]={cf=cfr(0,0,0,.431,-.902,.022,.902,.431,-.007,-.003,.023,1);es="Linear";ed="In";};["RHandN"]={cf=cfr(.008,.001,.001,1,.012,-.005,-.012,1,.003,.005,-.003,1);es="Linear";ed="In";};["RThumbNa"]={cf=cfr(0,0,0,.805,-.22,.551,.474,.797,-.374,-.357,.563,.746);es="Linear";ed="In";};["RThumbNb"]={cf=cfr(0,0,0,.974,.046,-.223,-.061,.996,-.059,.22,.071,.973);es="Linear";ed="In";};["R2ndNa"]={cf=cfr(0,0,0,1,-.002,.005,.004,.848,-.53,-.003,.53,.848);es="Linear";ed="In";};["R2ndNb"]={cf=cfr(0,0,0,1,.002,.003,.001,.603,-.798,-.004,.798,.603);es="Linear";ed="In";};["R1stNa"]={cf=cfr(0,0,0,.994,-.11,-.003,.104,.952,-.286,.034,.284,.958);es="Linear";ed="In";};["R1stNb"]={cf=cfr(0,0,0,1,.002,.003,0,.834,-.552,-.004,.552,.834);es="Linear";ed="In";};["R3rdNa"]={cf=cfr(0,0,0,.998,.066,.003,-.051,.812,-.582,-.041,.58,.813);es="Linear";ed="In";};["R3rdNb"]={cf=cfr(0,0,0,1,.002,.003,.001,.609,-.793,-.004,.793,.609);es="Linear";ed="In";};["RHandNb"]={cf=cfr(-.005,.001,-.023,1,-.008,0,.008,1,.021,0,-.021,1);es="Linear";ed="In";};["R4thNa"]={cf=cfr(0,0,0,.961,.275,.029,-.198,.755,-.625,-.194,.595,.78);es="Linear";ed="In";};["R4thNb"]={cf=cfr(0,0,0,1,.002,.003,.002,.468,-.884,-.003,.884,.468);es="Linear";ed="In";};["RASabN"]={cf=cfr(.108,-.357,.002,.844,.238,.48,-.201,.971,-.128,-.497,.011,.868);es="Linear";ed="In";};["RSSabN"]={cf=cfr(0,0,0,.873,-.002,.487,-.001,1,.006,-.487,-.006,.873);es="Linear";ed="In";};["NeckN"]={cf=cfr(0,0,0,.987,.151,-.047,-.116,.894,.433,.108,-.422,.9);es="Linear";ed="In";};["HeadN"]={cf=cfr(0,0,0,.741,-.622,.253,.584,.783,.214,-.331,-.011,.943);es="Linear";ed="In";};["ScopeN"]={cf=cfr(0,0,0,1,0,0,0,1,0,0,0,1);es="Linear";ed="In";};["MouthN"]={cf=cfr(0,0,0,.987,0,.16,0,1,0,-.16,0,.987);es="Linear";ed="In";};["LShoulderN"]={cf=cfr(0,0,0,.998,-.037,.056,.013,.926,.378,-.066,-.376,.924);es="Linear";ed="In";};["LShoulderJ"]={cf=cfr(0,0,0,.704,.219,-.676,-.242,.968,.061,.668,.12,.735);es="Linear";ed="In";};["LArmJ"]={cf=cfr(0,0,0,.587,-.81,.006,.81,.587,0,-.004,.005,1);es="Linear";ed="In";};["LHandN"]={cf=cfr(-.009,-.001,-.002,.893,-.447,-.053,.441,.893,-.093,.089,.06,.994);es="Linear";ed="In";};["LThumbNa"]={cf=cfr(0,0,0,.81,-.42,.409,.576,.698,-.425,-.107,.58,.808);es="Linear";ed="In";};["LThumbNb"]={cf=cfr(0,0,0,1,.021,-.001,-.021,1,0,.001,.001,1);es="Linear";ed="In";};["L3rdNa"]={cf=cfr(0,0,0,.992,.127,-.001,-.125,.969,-.212,-.026,.21,.977);es="Linear";ed="In";};["L3rdNb"]={cf=cfr(0,0,0,1,-.002,-.001,0,.748,-.664,.002,.664,.748);es="Linear";ed="In";};["L2ndNa"]={cf=cfr(0,0,0,1,-.003,0,.003,.977,-.212,0,.212,.977);es="Linear";ed="In";};["L2ndNb"]={cf=cfr(0,0,0,1,-.002,-.001,0,.719,-.695,.002,.695,.719);es="Linear";ed="In";};["L1stNa"]={cf=cfr(0,0,0,.983,-.185,-.01,.185,.977,.108,-.01,-.108,.994);es="Linear";ed="In";};["L1stNb"]={cf=cfr(0,0,0,1,0,-.002,0,.977,-.212,.002,.212,.977);es="Linear";ed="In";};["LHandNb"]={cf=cfr(.017,-.006,.039,.981,.172,-.092,-.195,.899,-.392,.015,.402,.915);es="Linear";ed="In";};["L4thNa"]={cf=cfr(0,0,0,.897,.439,.057,-.424,.89,-.169,-.125,.128,.984);es="Linear";ed="In";};["L4thNb"]={cf=cfr(0,0,0,1,0,-.002,-.002,.543,-.84,.001,.84,.543);es="Linear";ed="In";};["LASabN"]={cf=cfr(-.127,.293,-.002,.748,.22,.627,-.122,.973,-.196,-.653,.07,.754);es="Linear";ed="In";};["LSSabN"]={cf=cfr(0,0,0,.733,-.002,.681,-.002,1,.005,-.681,-.005,.733);es="Linear";ed="In";};["BackN"]={cf=cfr(0,0,0,.849,.527,-.033,-.518,.82,-.243,-.101,.224,.969);es="Linear";ed="In";};["ReflectorN"]={cf=cfr(0,0,0,1,0,0,0,1,0,0,0,1);es="Linear";ed="In";};["TailNa"]={cf=cfr(0,0,0,.808,.352,-.473,-.01,.81,.586,.59,-.468,.658);es="Linear";ed="In";};["TailNb"]={cf=cfr(0,0,0,.949,.311,-.051,-.197,.714,.671,.245,-.627,.739);es="Linear";ed="In";};["TailNc"]={cf=cfr(0,0,0,1,0,0,0,.966,.259,0,-.259,.966);es="Linear";ed="In";};["LSSabN_end"]={cf=cfr(2.845,-3.316,.749,-.335,.872,-.357,-.665,.049,.745,.667,.487,.563);es="Linear";ed="In";};["FaceM_end"]={cf=cfr(0,0,0,1,0,0,0,1,0,0,0,1);es="Linear";ed="In";};["BlasterM_end"]={cf=cfr(0,0,0,1,0,0,0,1,0,0,0,1);es="Linear";ed="In";};["L2ndNb_end"]={cf=cfr(-6.777,-6.543,9.682,-.814,-.283,.507,.567,-.194,.801,-.128,.939,.318);es="Linear";ed="In";};["RThumbNb_end"]={cf=cfr(5.341,-2.699,-.498,.922,-.359,.144,.386,.848,-.362,.008,.389,.921);es="Linear";ed="In";};["FacePattern"]={cf=cfr(0,0,0,1,0,0,0,1,0,0,0,1);es="Linear";ed="In";};["EyeYellowM"]={cf=cfr(0,0,0,1,0,0,0,1,0,0,0,1);es="Linear";ed="In";};["LThumbNb_end"]={cf=cfr(-.517,-10.80,4.12,-.997,-.066,.03,.068,-.706,.705,-.026,.706,.708);es="Linear";ed="In";};["ReflectorN_end"]={cf=cfr(-.839,-1.982,1.214,-.069,-.378,-.923,-.274,.897,-.347,.959,.229,-.166);es="Linear";ed="In";};["RHaveN"]={cf=cfr(-4.642,1.412,-3.981,.881,.465,.088,-.467,.884,.004,-.076,-.045,.996);es="Linear";ed="In";};["ThrowN_end"]={cf=cfr(0,0,0,1,0,0,0,1,0,0,0,1);es="Linear";ed="In";};["BlasterM"]={cf=cfr(0,0,0,1,0,0,0,1,0,0,0,1);es="Linear";ed="In";};["BlinkHalfM"]={cf=cfr(0,0,0,1,0,0,0,1,0,0,0,1);es="Linear";ed="In";};["R4thNb_end"]={cf=cfr(3.995,2.803,1.583,.996,.075,-.045,.088,-.799,.595,.009,-.597,-.802);es="Linear";ed="In";};["RSSabN_end"]={cf=cfr(1.89,1.136,1.979,.387,-.831,-.399,.921,.368,.127,.041,-.417,.908);es="Linear";ed="In";};["BackN_end"]={cf=cfr(-2.269,-1.85,.86,-.294,-.346,-.891,.102,.915,-.389,.95,-.205,-.234);es="Linear";ed="In";};["OuchM"]={cf=cfr(0,0,0,1,0,0,0,1,0,0,0,1);es="Linear";ed="In";};["BlinkM_end"]={cf=cfr(0,0,0,1,0,0,0,1,0,0,0,1);es="Linear";ed="In";};["OuchM_end"]={cf=cfr(0,0,0,1,0,0,0,1,0,0,0,1);es="Linear";ed="In";};["LHandNb_end"]={cf=cfr(.123,-10.24,-2.883,.528,-.192,-.827,-.323,-.946,.013,-.785,.26,-.562);es="Linear";ed="In";};["FitFox00.ao"]={cf=cfr(0,0,0,1,0,0,0,1,0,0,0,1);es="Linear";ed="In";};["RootNode"]={cf=cfr(0,0,0,-1,0,0,0,1,0,0,0,-1);es="Linear";ed="In";};["LToeN_end"]={cf=cfr(3.37,-4.351,.791,-.451,.876,-.17,-.888,-.46,-.018,-.094,.142,.985);es="Linear";ed="In";};["TailNc_end"]={cf=cfr(4.541,3.37,.228,.649,.199,.735,.524,.584,-.62,-.552,.787,.275);es="Linear";ed="In";};["RHaveN_end"]={cf=cfr(0,0,0,1,0,0,0,1,0,0,0,1);es="Linear";ed="In";};["R1stNb_end"]={cf=cfr(3.986,-5.004,1.025,.996,.076,-.042,-.073,.994,.076,.047,-.073,.996);es="Linear";ed="In";};["LHaveN_end"]={cf=cfr(0,0,0,1,0,0,0,1,0,0,0,1);es="Linear";ed="In";};["LHaveN"]={cf=cfr(8.566,-1.711,-6.398,-.826,.304,-.475,.491,.802,-.341,.277,-.514,-.812);es="Linear";ed="In";};["FaceM"]={cf=cfr(0,0,0,1,0,0,0,1,0,0,0,1);es="Linear";ed="In";};["ScopeN_end"]={cf=cfr(-.398,.65,2.535,.954,-.163,-.254,.15,.986,-.07,.261,.028,.965);es="Linear";ed="In";};["L1stNb_end"]={cf=cfr(-6.16,-10.46,5.975,-.816,-.283,.504,.558,-.617,.555,.154,.734,.661);es="Linear";ed="In";};["RHandNb_end"]={cf=cfr(-.822,-5.091,4.065,.986,-.126,-.108,.107,.98,-.169,.128,.155,.98);es="Linear";ed="In";};["RToeN_end"]={cf=cfr(-1.69,2.628,.025,-.867,-.499,-.004,.499,-.866,-.017,.005,-.017,1);es="Linear";ed="In";};["RASabN_end"]={cf=cfr(4.455,-2.203,3.347,.883,-.311,-.352,.328,.945,-.012,.336,-.105,.936);es="Linear";ed="In";};["R2ndNb_end"]={cf=cfr(3.986,-4.485,2.19,.996,.071,-.061,-.047,.941,.336,.081,-.332,.94);es="Linear";ed="In";};["LASabN_end"]={cf=cfr(-.146,-7.492,-.49,-.803,.556,.213,-.387,-.759,.524,.454,.338,.824);es="Linear";ed="In";};["ThrowN"]={cf=cfr(-.282,0,0,1,0,0,0,1,0,0,0,1);es="Linear";ed="In";};["L4thNb_end"]={cf=cfr(-7.999,9.137,2.179,-.812,-.278,.514,-.283,.957,.071,-.511,-.088,-.855);es="Linear";ed="In";};["MouthN_end"]={cf=cfr(-.007,.638,-2.134,.939,.151,-.309,-.187,.978,-.09,.288,.142,.947);es="Linear";ed="In";};};{tm=.127;["BlinkM"]={cf=cfr(0,0,0,1,0,0,0,1,0,0,0,1);es="Linear";ed="In";};["BlinkHalfM_end"]={cf=cfr(0,0,0,1,0,0,0,1,0,0,0,1);es="Linear";ed="In";};["R3rdNb_end"]={cf=cfr(3.984,1.774,3.039,.996,.076,-.04,.073,-.49,.869,.047,-.869,-.493);es="Linear";ed="In";};["EyeYellowM_end"]={cf=cfr(0,0,0,1,0,0,0,1,0,0,0,1);es="Linear";ed="In";};["L3rdNb_end"]={cf=cfr(-7.332,5.698,8.755,-.812,-.277,.514,.124,.779,.615,-.571,.563,-.598);es="Linear";ed="In";};["FitFox00.mo"]={cf=cfr(0,0,0,1,0,0,0,1,0,0,0,1);es="Linear";ed="In";};["TopN"]={cf=cfr(0,0,0,1,0,0,0,1,0,0,0,1);es="Linear";ed="In";};["TransN"]={cf=cfr(0,0,0,1,0,0,0,1,0,0,0,1);es="Linear";ed="In";};["XRotN"]={cf=cfr(.282,0,0,1,0,0,0,1,0,0,0,1);es="Linear";ed="In";};["YRotN"]={cf=cfr(0,0,0,1,0,0,0,1,0,0,0,1);es="Linear";ed="In";};["HipN"]={cf=cfr(-.999,-.367,.008,-.431,.73,-.53,-.848,-.529,-.04,-.309,.432,.847);es="Linear";ed="In";};["LLegJ"]={cf=cfr(0,0,0,-.166,.121,-.979,.175,.98,.092,.97,-.156,-.184);es="Linear";ed="In";};["LKneeJ"]={cf=cfr(-.001,0,0,-.148,-.301,.942,-.084,.953,.292,-.985,-.036,-.166);es="Linear";ed="In";};["LFootJ"]={cf=cfr(-.057,-.016,.008,.8,-.021,.599,.004,1,.029,-.6,-.021,.8);es="Linear";ed="In";};["LToeN"]={cf=cfr(0,0,0,1,0,0,0,1,0,0,0,1);es="Linear";ed="In";};["RLegJ"]={cf=cfr(0,0,0,.026,.023,-.999,.22,.975,.028,.975,-.22,.02);es="Linear";ed="In";};["RKneeJ"]={cf=cfr(.003,.001,0,-.442,-.446,.779,-.345,.886,.311,-.828,-.131,-.545);es="Linear";ed="In";};["RFootJ"]={cf=cfr(.062,-.001,-.008,.948,.129,.292,-.121,.992,-.045,-.296,.007,.955);es="Linear";ed="In";};["RToeN"]={cf=cfr(0,0,0,1,0,0,0,1,0,0,0,1);es="Linear";ed="In";};["WaistN"]={cf=cfr(0,0,0,.821,-.483,-.305,.448,.876,-.179,.353,.011,.935);es="Linear";ed="In";};["BustN"]={cf=cfr(0,0,0,.486,-.228,.844,.606,.784,-.136,-.63,.577,.519);es="Linear";ed="In";};["RShoulderN"]={cf=cfr(0,0,0,1,-.013,.011,.012,.998,.056,-.012,-.055,.998);es="Linear";ed="In";};["RShoulderJ"]={cf=cfr(0,0,0,.828,-.472,-.303,.192,.745,-.639,.527,.471,.708);es="Linear";ed="In";};["RArmJ"]={cf=cfr(0,0,0,.431,-.902,.024,.903,.431,-.008,-.003,.025,1);es="Linear";ed="In";};["RHandN"]={cf=cfr(.008,.001,.001,.995,.096,-.009,-.096,.995,.005,.01,-.004,1);es="Linear";ed="In";};["RThumbNa"]={cf=cfr(0,0,0,.794,-.311,.522,.544,.747,-.383,-.271,.588,.762);es="Linear";ed="In";};["RThumbNb"]={cf=cfr(0,0,0,.987,.041,-.154,-.05,.997,-.051,.151,.058,.987);es="Linear";ed="In";};["R2ndNa"]={cf=cfr(0,0,0,1,-.002,.005,.004,.928,-.374,-.004,.374,.928);es="Linear";ed="In";};["R2ndNb"]={cf=cfr(0,0,0,1,.002,.003,.001,.671,-.741,-.003,.741,.671);es="Linear";ed="In";};["R1stNa"]={cf=cfr(0,0,0,.989,-.15,-.004,.149,.986,-.072,.015,.071,.997);es="Linear";ed="In";};["R1stNb"]={cf=cfr(0,0,0,1,.002,.003,-.001,.921,-.391,-.003,.391,.921);es="Linear";ed="In";};["R3rdNa"]={cf=cfr(0,0,0,.997,.083,.003,-.074,.907,-.413,-.037,.412,.911);es="Linear";ed="In";};["R3rdNb"]={cf=cfr(0,0,0,1,.002,.003,.001,.678,-.735,-.003,.735,.678);es="Linear";ed="In";};["RHandNb"]={cf=cfr(-.004,.001,-.022,1,-.03,.006,.029,.994,.101,-.009,-.101,.995);es="Linear";ed="In";};["R4thNa"]={cf=cfr(0,0,0,.93,.365,.035,-.312,.838,-.449,-.193,.407,.893);es="Linear";ed="In";};["R4thNb"]={cf=cfr(0,0,0,1,.002,.003,.001,.496,-.868,-.003,.868,.496);es="Linear";ed="In";};["RASabN"]={cf=cfr(.099,-.367,.002,.864,.238,.444,-.21,.971,-.113,-.459,.004,.889);es="Linear";ed="In";};["RSSabN"]={cf=cfr(0,0,0,.895,-.002,.447,-.001,1,.006,-.447,-.006,.895);es="Linear";ed="In";};["NeckN"]={cf=cfr(0,0,0,.981,.19,-.043,-.12,.764,.634,.153,-.617,.772);es="Linear";ed="In";};["HeadN"]={cf=cfr(0,0,0,.669,-.699,.253,.609,.71,.353,-.426,-.082,.901);es="Linear";ed="In";};["ScopeN"]={cf=cfr(0,0,0,1,0,0,0,1,0,0,0,1);es="Linear";ed="In";};["MouthN"]={cf=cfr(0,0,0,.987,0,.16,0,1,0,-.16,0,.987);es="Linear";ed="In";};["LShoulderN"]={cf=cfr(0,0,0,.998,-.038,.059,.01,.91,.414,-.069,-.413,.908);es="Linear";ed="In";};["LShoulderJ"]={cf=cfr(0,0,0,.616,.349,-.707,-.281,.935,.217,.736,.065,.674);es="Linear";ed="In";};["LArmJ"]={cf=cfr(0,0,0,.518,-.855,.005,.855,.519,.001,-.003,.004,1);es="Linear";ed="In";};["LHandN"]={cf=cfr(-.009,-.001,-.002,.893,-.447,-.051,.441,.893,-.093,.087,.06,.994);es="Linear";ed="In";};["LThumbNa"]={cf=cfr(0,0,0,.699,-.508,.504,.707,.598,-.377,-.11,.619,.777);es="Linear";ed="In";};["LThumbNb"]={cf=cfr(0,0,0,1,-.002,-.001,.002,1,0,.001,0,1);es="Linear";ed="In";};["L3rdNa"]={cf=cfr(0,0,0,.985,.17,-.001,-.17,.985,.026,.005,-.025,1);es="Linear";ed="In";};["L3rdNb"]={cf=cfr(0,0,0,1,-.002,-.001,0,.789,-.614,.002,.614,.789);es="Linear";ed="In";};["L2ndNa"]={cf=cfr(0,0,0,1,-.002,0,.002,1,.025,0,-.025,1);es="Linear";ed="In";};["L2ndNb"]={cf=cfr(0,0,0,1,-.002,-.001,.001,.781,-.625,.002,.625,.781);es="Linear";ed="In";};["L1stNa"]={cf=cfr(0,0,0,.973,-.229,-.01,.212,.881,.424,-.088,-.415,.906);es="Linear";ed="In";};["L1stNb"]={cf=cfr(0,0,0,1,0,-.002,0,1,.025,.002,-.025,1);es="Linear";ed="In";};["LHandNb"]={cf=cfr(.017,-.006,.039,.981,.172,-.092,-.195,.899,-.392,.015,.402,.915);es="Linear";ed="In";};["L4thNa"]={cf=cfr(0,0,0,.851,.522,.066,-.523,.852,.005,-.054,-.039,.998);es="Linear";ed="In";};["L4thNb"]={cf=cfr(0,0,0,1,0,-.002,-.002,.557,-.831,.001,.831,.557);es="Linear";ed="In";};["LASabN"]={cf=cfr(-.127,.295,-.002,.677,.244,.694,-.106,.966,-.236,-.728,.086,.68);es="Linear";ed="In";};["LSSabN"]={cf=cfr(0,0,0,.675,-.002,.738,-.003,1,.005,-.738,-.005,.675);es="Linear";ed="In";};["BackN"]={cf=cfr(0,0,0,.849,.527,-.033,-.518,.82,-.243,-.101,.224,.969);es="Linear";ed="In";};["ReflectorN"]={cf=cfr(0,0,0,1,0,0,0,1,0,0,0,1);es="Linear";ed="In";};["TailNa"]={cf=cfr(0,0,0,.672,.466,-.575,-.022,.789,.614,.74,-.399,.541);es="Linear";ed="In";};["TailNb"]={cf=cfr(0,0,0,.912,.406,-.065,-.215,.606,.766,.35,-.685,.639);es="Linear";ed="In";};["TailNc"]={cf=cfr(0,0,0,1,0,0,0,.887,.462,0,-.462,.887);es="Linear";ed="In";};["LSSabN_end"]={cf=cfr(2.845,-3.316,.749,-.335,.872,-.357,-.665,.049,.745,.667,.487,.563);es="Linear";ed="In";};["FaceM_end"]={cf=cfr(0,0,0,1,0,0,0,1,0,0,0,1);es="Linear";ed="In";};["BlasterM_end"]={cf=cfr(0,0,0,1,0,0,0,1,0,0,0,1);es="Linear";ed="In";};["L2ndNb_end"]={cf=cfr(-6.777,-6.543,9.682,-.814,-.283,.507,.567,-.194,.801,-.128,.939,.318);es="Linear";ed="In";};["RThumbNb_end"]={cf=cfr(5.341,-2.699,-.498,.922,-.359,.144,.386,.848,-.362,.008,.389,.921);es="Linear";ed="In";};["FacePattern"]={cf=cfr(0,0,0,1,0,0,0,1,0,0,0,1);es="Linear";ed="In";};["EyeYellowM"]={cf=cfr(0,0,0,1,0,0,0,1,0,0,0,1);es="Linear";ed="In";};["LThumbNb_end"]={cf=cfr(-.517,-10.80,4.12,-.997,-.066,.03,.068,-.706,.705,-.026,.706,.708);es="Linear";ed="In";};["ReflectorN_end"]={cf=cfr(-.839,-1.982,1.214,-.069,-.378,-.923,-.274,.897,-.347,.959,.229,-.166);es="Linear";ed="In";};["RHaveN"]={cf=cfr(-4.642,1.412,-3.981,.881,.465,.088,-.467,.884,.004,-.076,-.045,.996);es="Linear";ed="In";};["ThrowN_end"]={cf=cfr(0,0,0,1,0,0,0,1,0,0,0,1);es="Linear";ed="In";};["BlasterM"]={cf=cfr(0,0,0,1,0,0,0,1,0,0,0,1);es="Linear";ed="In";};["BlinkHalfM"]={cf=cfr(0,0,0,1,0,0,0,1,0,0,0,1);es="Linear";ed="In";};["R4thNb_end"]={cf=cfr(3.995,2.803,1.583,.996,.075,-.045,.088,-.799,.595,.009,-.597,-.802);es="Linear";ed="In";};["RSSabN_end"]={cf=cfr(1.89,1.136,1.979,.387,-.831,-.399,.921,.368,.127,.041,-.417,.908);es="Linear";ed="In";};["BackN_end"]={cf=cfr(-2.269,-1.85,.86,-.294,-.346,-.891,.102,.915,-.389,.95,-.205,-.234);es="Linear";ed="In";};["OuchM"]={cf=cfr(0,0,0,1,0,0,0,1,0,0,0,1);es="Linear";ed="In";};["BlinkM_end"]={cf=cfr(0,0,0,1,0,0,0,1,0,0,0,1);es="Linear";ed="In";};["OuchM_end"]={cf=cfr(0,0,0,1,0,0,0,1,0,0,0,1);es="Linear";ed="In";};["LHandNb_end"]={cf=cfr(.123,-10.24,-2.883,.528,-.192,-.827,-.323,-.946,.013,-.785,.26,-.562);es="Linear";ed="In";};["FitFox00.ao"]={cf=cfr(0,0,0,1,0,0,0,1,0,0,0,1);es="Linear";ed="In";};["RootNode"]={cf=cfr(0,0,0,-1,0,0,0,1,0,0,0,-1);es="Linear";ed="In";};["LToeN_end"]={cf=cfr(3.37,-4.351,.791,-.451,.876,-.17,-.888,-.46,-.018,-.094,.142,.985);es="Linear";ed="In";};["TailNc_end"]={cf=cfr(4.541,3.37,.228,.649,.199,.735,.524,.584,-.62,-.552,.787,.275);es="Linear";ed="In";};["RHaveN_end"]={cf=cfr(0,0,0,1,0,0,0,1,0,0,0,1);es="Linear";ed="In";};["R1stNb_end"]={cf=cfr(3.986,-5.004,1.025,.996,.076,-.042,-.073,.994,.076,.047,-.073,.996);es="Linear";ed="In";};["LHaveN_end"]={cf=cfr(0,0,0,1,0,0,0,1,0,0,0,1);es="Linear";ed="In";};["LHaveN"]={cf=cfr(8.566,-1.711,-6.398,-.826,.304,-.475,.491,.802,-.341,.277,-.514,-.812);es="Linear";ed="In";};["FaceM"]={cf=cfr(0,0,0,1,0,0,0,1,0,0,0,1);es="Linear";ed="In";};["ScopeN_end"]={cf=cfr(-.398,.65,2.535,.954,-.163,-.254,.15,.986,-.07,.261,.028,.965);es="Linear";ed="In";};["L1stNb_end"]={cf=cfr(-6.16,-10.46,5.975,-.816,-.283,.504,.558,-.617,.555,.154,.734,.661);es="Linear";ed="In";};["RHandNb_end"]={cf=cfr(-.822,-5.091,4.065,.986,-.126,-.108,.107,.98,-.169,.128,.155,.98);es="Linear";ed="In";};["RToeN_end"]={cf=cfr(-1.69,2.628,.025,-.867,-.499,-.004,.499,-.866,-.017,.005,-.017,1);es="Linear";ed="In";};["RASabN_end"]={cf=cfr(4.455,-2.203,3.347,.883,-.311,-.352,.328,.945,-.012,.336,-.105,.936);es="Linear";ed="In";};["R2ndNb_end"]={cf=cfr(3.986,-4.485,2.19,.996,.071,-.061,-.047,.941,.336,.081,-.332,.94);es="Linear";ed="In";};["LASabN_end"]={cf=cfr(-.146,-7.492,-.49,-.803,.556,.213,-.387,-.759,.524,.454,.338,.824);es="Linear";ed="In";};["ThrowN"]={cf=cfr(-.282,0,0,1,0,0,0,1,0,0,0,1);es="Linear";ed="In";};["L4thNb_end"]={cf=cfr(-7.999,9.137,2.179,-.812,-.278,.514,-.283,.957,.071,-.511,-.088,-.855);es="Linear";ed="In";};["MouthN_end"]={cf=cfr(-.007,.638,-2.134,.939,.151,-.309,-.187,.978,-.09,.288,.142,.947);es="Linear";ed="In";};};{tm=.17;["BlinkM"]={cf=cfr(0,0,0,1,0,0,0,1,0,0,0,1);es="Linear";ed="In";};["BlinkHalfM_end"]={cf=cfr(0,0,0,1,0,0,0,1,0,0,0,1);es="Linear";ed="In";};["R3rdNb_end"]={cf=cfr(3.984,1.774,3.039,.996,.076,-.04,.073,-.49,.869,.047,-.869,-.493);es="Linear";ed="In";};["EyeYellowM_end"]={cf=cfr(0,0,0,1,0,0,0,1,0,0,0,1);es="Linear";ed="In";};["L3rdNb_end"]={cf=cfr(-7.332,5.698,8.755,-.812,-.277,.514,.124,.779,.615,-.571,.563,-.598);es="Linear";ed="In";};["FitFox00.mo"]={cf=cfr(0,0,0,1,0,0,0,1,0,0,0,1);es="Linear";ed="In";};["TopN"]={cf=cfr(0,0,0,1,0,0,0,1,0,0,0,1);es="Linear";ed="In";};["TransN"]={cf=cfr(0,0,0,1,0,0,0,1,0,0,0,1);es="Linear";ed="In";};["XRotN"]={cf=cfr(.282,0,0,1,0,0,0,1,0,0,0,1);es="Linear";ed="In";};["YRotN"]={cf=cfr(0,0,0,1,0,0,0,1,0,0,0,1);es="Linear";ed="In";};["HipN"]={cf=cfr(-1.276,-.445,-.058,-.405,.711,-.575,-.867,-.498,-.006,-.291,.497,.818);es="Linear";ed="In";};["LLegJ"]={cf=cfr(0,0,0,-.235,.151,-.96,.257,.962,.089,.937,-.225,-.265);es="Linear";ed="In";};["LKneeJ"]={cf=cfr(-.001,0,0,-.264,-.287,.921,-.119,.957,.264,-.957,-.039,-.287);es="Linear";ed="In";};["LFootJ"]={cf=cfr(-.057,-.016,.008,.895,-.02,.446,.01,1,.025,-.446,-.018,.895);es="Linear";ed="In";};["LToeN"]={cf=cfr(0,0,0,1,0,0,0,1,0,0,0,1);es="Linear";ed="In";};["RLegJ"]={cf=cfr(0,0,0,-.37,-.096,-.924,.225,.956,-.19,.901,-.278,-.331);es="Linear";ed="In";};["RKneeJ"]={cf=cfr(.003,.001,0,-.324,-.502,.802,-.334,.854,.4,-.885,-.138,-.444);es="Linear";ed="In";};["RFootJ"]={cf=cfr(.062,-.001,-.008,.902,.132,.41,-.118,.991,-.06,-.414,.005,.91);es="Linear";ed="In";};["RToeN"]={cf=cfr(0,0,0,1,0,0,0,1,0,0,0,1);es="Linear";ed="In";};["WaistN"]={cf=cfr(0,0,0,.821,-.483,-.305,.454,.876,-.164,.346,-.004,.938);es="Linear";ed="In";};["BustN"]={cf=cfr(0,0,0,.408,-.182,.895,.597,.794,-.111,-.69,.58,.433);es="Linear";ed="In";};["RShoulderN"]={cf=cfr(0,0,0,1,-.007,.003,.007,1,.01,-.003,-.01,1);es="L