-- // converted using mech's animoduler
local cfr = CFrame.new

return {{tm=0;["BlinkM"]={cf=cfr(0,0,0,1,0,0,0,1,0,0,0,1);es="Linear";ed="In";};["BlinkHalfM_end"]={cf=cfr(0,0,0,1,0,0,0,1,0,0,0,1);es="Linear";ed="In";};["R3rdNb_end"]={cf=cfr(3.984,1.774,3.039,.996,.076,-.04,.073,-.49,.869,.047,-.869,-.493);es="Linear";ed="In";};["EyeYellowM_end"]={cf=cfr(0,0,0,1,0,0,0,1,0,0,0,1);es="Linear";ed="In";};["L3rdNb_end"]={cf=cfr(-7.332,5.698,8.755,-.812,-.277,.514,.124,.779,.615,-.571,.563,-.598);es="Linear";ed="In";};["FitFox00.mo"]={cf=cfr(0,0,0,1,0,0,0,1,0,0,0,1);es="Linear";ed="In";};["TopN"]={cf=cfr(0,0,0,1,0,0,0,1,0,0,0,1);es="Linear";ed="In";};["TransN"]={cf=cfr(-.144,0,0,1,0,0,0,1,0,0,0,1);es="Linear";ed="In";};["XRotN"]={cf=cfr(.282,0,0,1,0,0,0,1,0,0,0,1);es="Linear";ed="In";};["YRotN"]={cf=cfr(0,0,0,1,0,0,0,1,0,0,0,1);es="Linear";ed="In";};["HipN"]={cf=cfr(.577,.32,4.326,.869,.487,-.09,-.482,.873,.071,.114,-.018,.993);es="Linear";ed="In";};["LLegJ"]={cf=cfr(0,0,0,-.244,-.166,-.956,-.308,.948,-.086,.92,.273,-.282);es="Linear";ed="In";};["LKneeJ"]={cf=cfr(0,0,0,-.165,.105,.981,.122,.989,-.085,-.979,.105,-.176);es="Linear";ed="In";};["LFootJ"]={cf=cfr(-.06,-.009,.009,.936,-.26,.238,.186,.938,.292,-.299,-.229,.926);es="Linear";ed="In";};["LToeN"]={cf=cfr(0,0,0,1,0,0,0,1,0,0,0,1);es="Linear";ed="In";};["RLegJ"]={cf=cfr(0,0,0,.904,.222,.365,-.406,.712,.573,-.132,-.666,.734);es="Linear";ed="In";};["RKneeJ"]={cf=cfr(0,.001,0,-.195,-.023,.981,.161,.985,.055,-.968,.168,-.189);es="Linear";ed="In";};["RFootJ"]={cf=cfr(.057,-.017,-.007,.919,-.309,-.247,-.003,.618,-.786,.395,.723,.567);es="Linear";ed="In";};["RToeN"]={cf=cfr(0,0,0,.4,-.009,-.916,.075,.997,.023,.913,-.078,.4);es="Linear";ed="In";};["WaistN"]={cf=cfr(0,0,0,.759,.018,.651,-.285,.908,.308,-.585,-.419,.694);es="Linear";ed="In";};["BustN"]={cf=cfr(0,0,0,.873,-.095,.478,-.092,.931,.354,-.478,-.353,.804);es="Linear";ed="In";};["RShoulderN"]={cf=cfr(0,0,0,.998,-.027,.065,.001,.927,.375,-.07,-.374,.925);es="Linear";ed="In";};["RShoulderJ"]={cf=cfr(0,0,0,.173,-.73,-.662,.318,.677,-.664,.932,-.096,.349);es="Linear";ed="In";};["RArmJ"]={cf=cfr(0,0,0,.79,-.613,.007,.613,.79,-.007,-.001,.01,1);es="Linear";ed="In";};["RHandN"]={cf=cfr(.006,.001,.002,.778,-.399,.484,.384,.913,.135,-.496,.081,.864);es="Linear";ed="In";};["RThumbNa"]={cf=cfr(0,0,0,.457,-.384,.802,.661,.75,-.018,-.595,.539,.597);es="Linear";ed="In";};["RThumbNb"]={cf=cfr(0,0,0,.873,.207,-.441,-.219,.975,.024,.435,.075,.897);es="Linear";ed="In";};["R2ndNa"]={cf=cfr(0,0,0,1,-.002,.003,.003,.876,-.482,-.002,.482,.876);es="Linear";ed="In";};["R2ndNb"]={cf=cfr(0,0,0,1,.001,.003,.001,.785,-.619,-.003,.619,.785);es="Linear";ed="In";};["R1stNa"]={cf=cfr(0,0,0,1,0,0,0,.993,-.12,0,.12,.993);es="Linear";ed="In";};["R1stNb"]={cf=cfr(0,0,0,1,.001,.003,.001,.785,-.619,-.003,.619,.785);es="Linear";ed="In";};["R3rdNa"]={cf=cfr(0,0,0,1,.004,0,-.003,.632,-.775,-.004,.775,.632);es="Linear";ed="In";};["R3rdNb"]={cf=cfr(0,0,0,1,.001,.003,.001,.785,-.619,-.003,.619,.785);es="Linear";ed="In";};["RHandNb"]={cf=cfr(-.004,.003,-.039,.999,.032,-.036,-.044,.916,-.399,.021,.4,.916);es="Linear";ed="In";};["R4thNa"]={cf=cfr(0,0,0,1,.008,-.008,-.011,.349,-.937,-.004,.937,.349);es="Linear";ed="In";};["R4thNb"]={cf=cfr(0,0,0,1,.001,.003,.001,.785,-.619,-.003,.619,.785);es="Linear";ed="In";};["RASabN"]={cf=cfr(.122,-.239,.001,.306,.158,.939,-.049,.987,-.15,-.951,0,.31);es="Linear";ed="In";};["RSSabN"]={cf=cfr(0,0,0,.309,-.008,.951,-.008,1,.011,-.951,-.011,.309);es="Linear";ed="In";};["NeckN"]={cf=cfr(0,0,0,.623,-.688,-.373,.581,.726,-.368,.524,.012,.852);es="Linear";ed="In";};["HeadN"]={cf=cfr(0,0,0,.925,.243,-.292,-.26,.965,-.02,.277,.094,.956);es="Linear";ed="In";};["ScopeN"]={cf=cfr(0,0,0,1,0,0,0,1,0,0,0,1);es="Linear";ed="In";};["MouthN"]={cf=cfr(0,0,0,1,0,0,0,1,0,0,0,1);es="Linear";ed="In";};["LShoulderN"]={cf=cfr(0,0,0,1,.005,.004,-.005,1,.003,-.004,-.003,1);es="Linear";ed="In";};["LShoulderJ"]={cf=cfr(0,0,0,.996,.021,.087,.07,.426,-.902,-.055,.904,.423);es="Linear";ed="In";};["LArmJ"]={cf=cfr(0,0,0,.476,-.879,.006,.879,.476,-.001,-.003,.006,1);es="Linear";ed="In";};["LHandN"]={cf=cfr(-.007,-.001,-.001,.577,.278,-.768,.149,.889,.433,.803,-.364,.472);es="Linear";ed="In";};["LThumbNa"]={cf=cfr(0,0,0,.871,-.491,.002,.462,.817,-.345,.168,.301,.939);es="Linear";ed="In";};["LThumbNb"]={cf=cfr(0,0,0,.996,.091,-.002,-.091,.996,-.001,.002,.001,1);es="Linear";ed="In";};["L3rdNa"]={cf=cfr(0,0,0,.993,.082,-.079,-.114,.732,-.672,.003,.677,.736);es="Linear";ed="In";};["L3rdNb"]={cf=cfr(0,0,0,1,-.001,-.001,0,.845,-.535,.002,.535,.845);es="Linear";ed="In";};["L2ndNa"]={cf=cfr(0,0,0,.997,-.07,.031,.077,.906,-.417,.001,.418,.908);es="Linear";ed="In";};["L2ndNb"]={cf=cfr(0,0,0,1,-.001,-.001,0,.845,-.535,.002,.535,.845);es="Linear";ed="In";};["L1stNa"]={cf=cfr(0,0,0,.954,-.299,.037,.301,.947,-.114,-.001,.12,.993);es="Linear";ed="In";};["L1stNb"]={cf=cfr(0,0,0,1,0,-.002,-.001,.845,-.535,.001,.535,.845);es="Linear";ed="In";};["LHandNb"]={cf=cfr(-.047,-.011,.031,.867,-.478,.143,.498,.818,-.287,.021,.32,.947);es="Linear";ed="In";};["L4thNa"]={cf=cfr(0,0,0,.928,.195,-.318,-.373,.494,-.785,.004,.847,.531);es="Linear";ed="In";};["L4thNb"]={cf=cfr(0,0,0,1,0,-.002,-.001,.845,-.535,.001,.535,.845);es="Linear";ed="In";};["LASabN"]={cf=cfr(-.111,.411,-.002,.974,.194,-.119,-.195,.981,.001,.117,.022,.993);es="Linear";ed="In";};["LSSabN"]={cf=cfr(0,0,0,.996,0,-.089,0,1,-.001,.089,.001,.996);es="Linear";ed="In";};["BackN"]={cf=cfr(0,0,0,1,0,0,0,1,0,0,0,1);es="Linear";ed="In";};["ReflectorN"]={cf=cfr(0,0,0,1,0,0,0,1,0,0,0,1);es="Linear";ed="In";};["TailNa"]={cf=cfr(0,0,0,.876,-.466,.121,.479,.869,-.125,-.046,.168,.985);es="Linear";ed="In";};["TailNb"]={cf=cfr(0,0,0,.754,-.657,.011,.655,.75,-.093,.053,.078,.996);es="Linear";ed="In";};["TailNc"]={cf=cfr(0,0,0,.958,-.285,.028,.286,.956,-.063,-.009,.069,.998);es="Linear";ed="In";};["LSSabN_end"]={cf=cfr(2.845,-3.316,.749,-.335,.872,-.357,-.665,.049,.745,.667,.487,.563);es="Linear";ed="In";};["FaceM_end"]={cf=cfr(0,0,0,1,0,0,0,1,0,0,0,1);es="Linear";ed="In";};["BlasterM_end"]={cf=cfr(0,0,0,1,0,0,0,1,0,0,0,1);es="Linear";ed="In";};["L2ndNb_end"]={cf=cfr(-6.777,-6.543,9.682,-.814,-.283,.507,.567,-.194,.801,-.128,.939,.318);es="Linear";ed="In";};["RThumbNb_end"]={cf=cfr(5.341,-2.699,-.498,.922,-.359,.144,.386,.848,-.362,.008,.389,.921);es="Linear";ed="In";};["FacePattern"]={cf=cfr(0,0,0,1,0,0,0,1,0,0,0,1);es="Linear";ed="In";};["EyeYellowM"]={cf=cfr(0,0,0,1,0,0,0,1,0,0,0,1);es="Linear";ed="In";};["LThumbNb_end"]={cf=cfr(-.517,-10.80,4.12,-.997,-.066,.03,.068,-.706,.705,-.026,.706,.708);es="Linear";ed="In";};["ReflectorN_end"]={cf=cfr(-.839,-1.982,1.214,-.069,-.378,-.923,-.274,.897,-.347,.959,.229,-.166);es="Linear";ed="In";};["RHaveN"]={cf=cfr(-4.642,1.412,-3.981,.881,.465,.088,-.467,.884,.004,-.076,-.045,.996);es="Linear";ed="In";};["ThrowN_end"]={cf=cfr(0,0,0,1,0,0,0,1,0,0,0,1);es="Linear";ed="In";};["BlasterM"]={cf=cfr(0,0,0,1,0,0,0,1,0,0,0,1);es="Linear";ed="In";};["BlinkHalfM"]={cf=cfr(0,0,0,1,0,0,0,1,0,0,0,1);es="Linear";ed="In";};["R4thNb_end"]={cf=cfr(3.995,2.803,1.583,.996,.075,-.045,.088,-.799,.595,.009,-.597,-.802);es="Linear";ed="In";};["RSSabN_end"]={cf=cfr(1.89,1.136,1.979,.387,-.831,-.399,.921,.368,.127,.041,-.417,.908);es="Linear";ed="In";};["BackN_end"]={cf=cfr(-2.269,-1.85,.86,-.294,-.346,-.891,.102,.915,-.389,.95,-.205,-.234);es="Linear";ed="In";};["OuchM"]={cf=cfr(0,0,0,1,0,0,0,1,0,0,0,1);es="Linear";ed="In";};["BlinkM_end"]={cf=cfr(0,0,0,1,0,0,0,1,0,0,0,1);es="Linear";ed="In";};["OuchM_end"]={cf=cfr(0,0,0,1,0,0,0,1,0,0,0,1);es="Linear";ed="In";};["LHandNb_end"]={cf=cfr(.123,-10.24,-2.883,.528,-.192,-.827,-.323,-.946,.013,-.785,.26,-.562);es="Linear";ed="In";};["FitFox00.ao"]={cf=cfr(0,0,0,1,0,0,0,1,0,0,0,1);es="Linear";ed="In";};["RootNode"]={cf=cfr(0,0,0,-1,0,0,0,1,0,0,0,-1);es="Linear";ed="In";};["LToeN_end"]={cf=cfr(3.37,-4.351,.791,-.451,.876,-.17,-.888,-.46,-.018,-.094,.142,.985);es="Linear";ed="In";};["TailNc_end"]={cf=cfr(4.541,3.37,.228,.649,.199,.735,.524,.584,-.62,-.552,.787,.275);es="Linear";ed="In";};["RHaveN_end"]={cf=cfr(0,0,0,1,0,0,0,1,0,0,0,1);es="Linear";ed="In";};["R1stNb_end"]={cf=cfr(3.986,-5.004,1.025,.996,.076,-.042,-.073,.994,.076,.047,-.073,.996);es="Linear";ed="In";};["LHaveN_end"]={cf=cfr(0,0,0,1,0,0,0,1,0,0,0,1);es="Linear";ed="In";};["LHaveN"]={cf=cfr(8.566,-1.711,-6.398,-.826,.304,-.475,.491,.802,-.341,.277,-.514,-.812);es="Linear";ed="In";};["FaceM"]={cf=cfr(0,0,0,1,0,0,0,1,0,0,0,1);es="Linear";ed="In";};["ScopeN_end"]={cf=cfr(-.398,.65,2.535,.954,-.163,-.254,.15,.986,-.07,.261,.028,.965);es="Linear";ed="In";};["L1stNb_end"]={cf=cfr(-6.16,-10.46,5.975,-.816,-.283,.504,.558,-.617,.555,.154,.734,.661);es="Linear";ed="In";};["RHandNb_end"]={cf=cfr(-.822,-5.091,4.065,.986,-.126,-.108,.107,.98,-.169,.128,.155,.98);es="Linear";ed="In";};["RToeN_end"]={cf=cfr(-1.69,2.628,.025,-.867,-.499,-.004,.499,-.866,-.017,.005,-.017,1);es="Linear";ed="In";};["RASabN_end"]={cf=cfr(4.455,-2.203,3.347,.883,-.311,-.352,.328,.945,-.012,.336,-.105,.936);es="Linear";ed="In";};["R2ndNb_end"]={cf=cfr(3.986,-4.485,2.19,.996,.071,-.061,-.047,.941,.336,.081,-.332,.94);es="Linear";ed="In";};["LASabN_end"]={cf=cfr(-.146,-7.492,-.49,-.803,.556,.213,-.387,-.759,.524,.454,.338,.824);es="Linear";ed="In";};["ThrowN"]={cf=cfr(-.282,0,0,1,0,0,0,1,0,0,0,1);es="Linear";ed="In";};["L4thNb_end"]={cf=cfr(-7.999,9.137,2.179,-.812,-.278,.514,-.283,.957,.071,-.511,-.088,-.855);es="Linear";ed="In";};["MouthN_end"]={cf=cfr(-.007,.638,-2.134,.939,.151,-.309,-.187,.978,-.09,.288,.142,.947);es="Linear";ed="In";};};{tm=.042;["BlinkM"]={cf=cfr(0,0,0,1,0,0,0,1,0,0,0,1);es="Linear";ed="In";};["BlinkHalfM_end"]={cf=cfr(0,0,0,1,0,0,0,1,0,0,0,1);es="Linear";ed="In";};["R3rdNb_end"]={cf=cfr(3.984,1.774,3.039,.996,.076,-.04,.073,-.49,.869,.047,-.869,-.493);es="Linear";ed="In";};["EyeYellowM_end"]={cf=cfr(0,0,0,1,0,0,0,1,0,0,0,1);es="Linear";ed="In";};["L3rdNb_end"]={cf=cfr(-7.332,5.698,8.755,-.812,-.277,.514,.124,.779,.615,-.571,.563,-.598);es="Linear";ed="In";};["FitFox00.mo"]={cf=cfr(0,0,0,1,0,0,0,1,0,0,0,1);es="Linear";ed="In";};["TopN"]={cf=cfr(0,0,0,1,0,0,0,1,0,0,0,1);es="Linear";ed="In";};["TransN"]={cf=cfr(-.575,0,0,1,0,0,0,1,0,0,0,1);es="Linear";ed="In";};["XRotN"]={cf=cfr(.282,0,0,1,0,0,0,1,0,0,0,1);es="Linear";ed="In";};["YRotN"]={cf=cfr(0,0,0,1,0,0,0,1,0,0,0,1);es="Linear";ed="In";};["HipN"]={cf=cfr(.531,.23,4.396,.636,.757,-.151,-.757,.65,.07,.151,.07,.986);es="Linear";ed="In";};["LLegJ"]={cf=cfr(0,0,0,-.144,-.255,-.956,-.371,.91,-.187,.917,.328,-.226);es="Linear";ed="In";};["LKneeJ"]={cf=cfr(0,0,0,-.204,.19,.96,.212,.966,-.146,-.956,.174,-.237);es="Linear";ed="In";};["LFootJ"]={cf=cfr(-.06,-.009,.009,.883,-.403,.24,.272,.857,.437,-.382,-.321,.867);es="Linear";ed="In";};["LToeN"]={cf=cfr(0,0,0,1,0,0,0,1,0,0,0,1);es="Linear";ed="In";};["RLegJ"]={cf=cfr(0,0,0,.862,.118,.493,-.369,.814,.449,-.349,-.568,.745);es="Linear";ed="In";};["RKneeJ"]={cf=cfr(0,.001,0,-.118,.142,.983,.108,.986,-.13,-.987,.091,-.132);es="Linear";ed="In";};["RFootJ"]={cf=cfr(.057,-.017,-.007,.971,-.077,-.226,-.147,.549,-.822,.188,.832,.522);es="Linear";ed="In";};["RToeN"]={cf=cfr(0,0,0,.619,-.063,-.783,.04,.998,-.049,.784,-.001,.621);es="Linear";ed="In";};["WaistN"]={cf=cfr(0,0,0,.77,-.105,.63,-.206,.893,.401,-.604,-.438,.666);es="Linear";ed="In";};["BustN"]={cf=cfr(0,0,0,.883,-.207,.421,-.006,.893,.451,-.469,-.401,.787);es="Linear";ed="In";};["RShoulderN"]={cf=cfr(0,0,0,.998,-.01,.068,-.014,.939,.343,-.068,-.343,.937);es="Linear";ed="In";};["RShoulderJ"]={cf=cfr(0,0,0,.301,-.828,-.473,.368,.559,-.743,.88,.05,.473);es="Linear";ed="In";};["RArmJ"]={cf=cfr(0,0,0,.637,-.771,.011,.771,.637,-.005,-.003,.011,1);es="Linear";ed="In";};["RHandN"]={cf=cfr(.006,.001,.002,.8,-.389,.457,.368,.919,.138,-.474,.058,.879);es="Linear";ed="In";};["RThumbNa"]={cf=cfr(0,0,0,.457,-.384,.802,.661,.75,-.018,-.595,.539,.597);es="Linear";ed="In";};["RThumbNb"]={cf=cfr(0,0,0,.873,.207,-.441,-.219,.975,.024,.435,.075,.897);es="Linear";ed="In";};["R2ndNa"]={cf=cfr(0,0,0,1,-.002,.003,.003,.876,-.482,-.002,.482,.876);es="Linear";ed="In";};["R2ndNb"]={cf=cfr(0,0,0,1,.001,.003,.001,.785,-.619,-.003,.619,.785);es="Linear";ed="In";};["R1stNa"]={cf=cfr(0,0,0,1,0,0,0,.993,-.12,0,.12,.993);es="Linear";ed="In";};["R1stNb"]={cf=cfr(0,0,0,1,.001,.003,.001,.785,-.619,-.003,.619,.785);es="Linear";ed="In";};["R3rdNa"]={cf=cfr(0,0,0,1,.004,0,-.003,.632,-.775,-.004,.775,.632);es="Linear";ed="In";};["R3rdNb"]={cf=cfr(0,0,0,1,.001,.003,.001,.785,-.619,-.003,.619,.785);es="Linear";ed="In";};["RHandNb"]={cf=cfr(0,.003,-.031,.999,.021,-.032,-.032,.925,-.378,.022,.379,.925);es="Linear";ed="In";};["R4thNa"]={cf=cfr(0,0,0,1,.008,-.008,-.011,.349,-.937,-.004,.937,.349);es="Linear";ed="In";};["R4thNb"]={cf=cfr(0,0,0,1,.001,.003,.001,.785,-.619,-.003,.619,.785);es="Linear";ed="In";};["RASabN"]={cf=cfr(.112,-.313,.001,.473,.234,.85,-.128,.972,-.197,-.872,-.016,.489);es="Linear";ed="In";};["RSSabN"]={cf=cfr(0,0,0,.496,-.007,.869,-.006,1,.011,-.869,-.011,.495);es="Linear";ed="In";};["NeckN"]={cf=cfr(0,0,0,.652,-.656,-.38,.601,.753,-.267,.462,-.054,.885);es="Linear";ed="In";};["HeadN"]={cf=cfr(0,0,0,.868,.395,-.301,-.471,.848,-.243,.159,.353,.922);es="Linear";ed="In";};["ScopeN"]={cf=cfr(0,0,0,1,0,0,0,1,0,0,0,1);es="Linear";ed="In";};["MouthN"]={cf=cfr(0,0,0,1,0,0,0,1,0,0,0,1);es="Linear";ed="In";};["LShoulderN"]={cf=cfr(0,0,0,1,.007,.003,-.007,1,.006,-.003,-.006,1);es="Linear";ed="In";};["LShoulderJ"]={cf=cfr(0,0,0,.992,-.122,.025,.08,.468,-.88,.095,.876,.474);es="Linear";ed="In";};["LArmJ"]={cf=cfr(0,0,0,.366,-.931,.005,.931,.366,.002,-.004,.004,1);es="Linear";ed="In";};["LHandN"]={cf=cfr(-.007,-.001,-.001,.6,.256,-.758,.145,.897,.418,.787,-.36,.501);es="Linear";ed="In";};["LThumbNa"]={cf=cfr(0,0,0,.871,-.491,.002,.462,.817,-.345,.168,.301,.939);es="Linear";ed="In";};["LThumbNb"]={cf=cfr(0,0,0,.996,.091,-.002,-.091,.996,-.001,.002,.001,1);es="Linear";ed="In";};["L3rdNa"]={cf=cfr(0,0,0,.993,.082,-.079,-.114,.732,-.672,.003,.677,.736);es="Linear";ed="In";};["L3rdNb"]={cf=cfr(0,0,0,1,-.001,-.001,0,.845,-.535,.002,.535,.845);es="Linear";ed="In";};["L2ndNa"]={cf=cfr(0,0,0,.997,-.07,.031,.077,.906,-.417,.001,.418,.908);es="Linear";ed="In";};["L2ndNb"]={cf=cfr(0,0,0,1,-.001,-.001,0,.845,-.535,.002,.535,.845);es="Linear";ed="In";};["L1stNa"]={cf=cfr(0,0,0,.954,-.299,.037,.301,.947,-.114,-.001,.12,.993);es="Linear";ed="In";};["L1stNb"]={cf=cfr(0,0,0,1,0,-.002,-.001,.845,-.535,.001,.535,.845);es="Linear";ed="In";};["LHandNb"]={cf=cfr(-.04,-.011,.029,.875,-.464,.137,.484,.83,-.278,.015,.31,.951);es="Linear";ed="In";};["L4thNa"]={cf=cfr(0,0,0,.928,.195,-.318,-.373,.494,-.785,.004,.847,.531);es="Linear";ed="In";};["L4thNb"]={cf=cfr(0,0,0,1,0,-.002,-.001,.845,-.535,.001,.535,.845);es="Linear";ed="In";};["LASabN"]={cf=cfr(-.106,.428,-.001,.974,.228,.004,-.227,.972,-.054,-.016,.052,.999);es="Linear";ed="In";};["LSSabN"]={cf=cfr(0,0,0,.998,0,.055,0,1,.001,-.055,-.001,.998);es="Linear";ed="In";};["BackN"]={cf=cfr(0,0,0,1,0,0,0,1,0,0,0,1);es="Linear";ed="In";};["ReflectorN"]={cf=cfr(0,0,0,1,0,0,0,1,0,0,0,1);es="Linear";ed="In";};["TailNa"]={cf=cfr(0,0,0,.989,-.144,.019,.144,.989,.035,-.024,-.032,.999);es="Linear";ed="In";};["TailNb"]={cf=cfr(0,0,0,.78,-.626,.024,.624,.78,.054,-.053,-.027,.998);es="Linear";ed="In";};["TailNc"]={cf=cfr(0,0,0,.961,-.27,.061,.268,.963,.026,-.066,-.009,.998);es="Linear";ed="In";};["LSSabN_end"]={cf=cfr(2.845,-3.316,.749,-.335,.872,-.357,-.665,.049,.745,.667,.487,.563);es="Linear";ed="In";};["FaceM_end"]={cf=cfr(0,0,0,1,0,0,0,1,0,0,0,1);es="Linear";ed="In";};["BlasterM_end"]={cf=cfr(0,0,0,1,0,0,0,1,0,0,0,1);es="Linear";ed="In";};["L2ndNb_end"]={cf=cfr(-6.777,-6.543,9.682,-.814,-.283,.507,.567,-.194,.801,-.128,.939,.318);es="Linear";ed="In";};["RThumbNb_end"]={cf=cfr(5.341,-2.699,-.498,.922,-.359,.144,.386,.848,-.362,.008,.389,.921);es="Linear";ed="In";};["FacePattern"]={cf=cfr(0,0,0,1,0,0,0,1,0,0,0,1);es="Linear";ed="In";};["EyeYellowM"]={cf=cfr(0,0,0,1,0,0,0,1,0,0,0,1);es="Linear";ed="In";};["LThumbNb_end"]={cf=cfr(-.517,-10.80,4.12,-.997,-.066,.03,.068,-.706,.705,-.026,.706,.708);es="Linear";ed="In";};["ReflectorN_end"]={cf=cfr(-.839,-1.982,1.214,-.069,-.378,-.923,-.274,.897,-.347,.959,.229,-.166);es="Linear";ed="In";};["RHaveN"]={cf=cfr(-4.642,1.412,-3.981,.881,.465,.088,-.467,.884,.004,-.076,-.045,.996);es="Linear";ed="In";};["ThrowN_end"]={cf=cfr(0,0,0,1,0,0,0,1,0,0,0,1);es="Linear";ed="In";};["BlasterM"]={cf=cfr(0,0,0,1,0,0,0,1,0,0,0,1);es="Linear";ed="In";};["BlinkHalfM"]={cf=cfr(0,0,0,1,0,0,0,1,0,0,0,1);es="Linear";ed="In";};["R4thNb_end"]={cf=cfr(3.995,2.803,1.583,.996,.075,-.045,.088,-.799,.595,.009,-.597,-.802);es="Linear";ed="In";};["RSSabN_end"]={cf=cfr(1.89,1.136,1.979,.387,-.831,-.399,.921,.368,.127,.041,-.417,.908);es="Linear";ed="In";};["BackN_end"]={cf=cfr(-2.269,-1.85,.86,-.294,-.346,-.891,.102,.915,-.389,.95,-.205,-.234);es="Linear";ed="In";};["OuchM"]={cf=cfr(0,0,0,1,0,0,0,1,0,0,0,1);es="Linear";ed="In";};["BlinkM_end"]={cf=cfr(0,0,0,1,0,0,0,1,0,0,0,1);es="Linear";ed="In";};["OuchM_end"]={cf=cfr(0,0,0,1,0,0,0,1,0,0,0,1);es="Linear";ed="In";};["LHandNb_end"]={cf=cfr(.123,-10.24,-2.883,.528,-.192,-.827,-.323,-.946,.013,-.785,.26,-.562);es="Linear";ed="In";};["FitFox00.ao"]={cf=cfr(0,0,0,1,0,0,0,1,0,0,0,1);es="Linear";ed="In";};["RootNode"]={cf=cfr(0,0,0,-1,0,0,0,1,0,0,0,-1);es="Linear";ed="In";};["LToeN_end"]={cf=cfr(3.37,-4.351,.791,-.451,.876,-.17,-.888,-.46,-.018,-.094,.142,.985);es="Linear";ed="In";};["TailNc_end"]={cf=cfr(4.541,3.37,.228,.649,.199,.735,.524,.584,-.62,-.552,.787,.275);es="Linear";ed="In";};["RHaveN_end"]={cf=cfr(0,0,0,1,0,0,0,1,0,0,0,1);es="Linear";ed="In";};["R1stNb_end"]={cf=cfr(3.986,-5.004,1.025,.996,.076,-.042,-.073,.994,.076,.047,-.073,.996);es="Linear";ed="In";};["LHaveN_end"]={cf=cfr(0,0,0,1,0,0,0,1,0,0,0,1);es="Linear";ed="In";};["LHaveN"]={cf=cfr(8.566,-1.711,-6.398,-.826,.304,-.475,.491,.802,-.341,.277,-.514,-.812);es="Linear";ed="In";};["FaceM"]={cf=cfr(0,0,0,1,0,0,0,1,0,0,0,1);es="Linear";ed="In";};["ScopeN_end"]={cf=cfr(-.398,.65,2.535,.954,-.163,-.254,.15,.986,-.07,.261,.028,.965);es="Linear";ed="In";};["L1stNb_end"]={cf=cfr(-6.16,-10.46,5.975,-.816,-.283,.504,.558,-.617,.555,.154,.734,.661);es="Linear";ed="In";};["RHandNb_end"]={cf=cfr(-.822,-5.091,4.065,.986,-.126,-.108,.107,.98,-.169,.128,.155,.98);es="Linear";ed="In";};["RToeN_end"]={cf=cfr(-1.69,2.628,.025,-.867,-.499,-.004,.499,-.866,-.017,.005,-.017,1);es="Linear";ed="In";};["RASabN_end"]={cf=cfr(4.455,-2.203,3.347,.883,-.311,-.352,.328,.945,-.012,.336,-.105,.936);es="Linear";ed="In";};["R2ndNb_end"]={cf=cfr(3.986,-4.485,2.19,.996,.071,-.061,-.047,.941,.336,.081,-.332,.94);es="Linear";ed="In";};["LASabN_end"]={cf=cfr(-.146,-7.492,-.49,-.803,.556,.213,-.387,-.759,.524,.454,.338,.824);es="Linear";ed="In";};["ThrowN"]={cf=cfr(-.282,0,0,1,0,0,0,1,0,0,0,1);es="Linear";ed="In";};["L4thNb_end"]={cf=cfr(-7.999,9.137,2.179,-.812,-.278,.514,-.283,.957,.071,-.511,-.088,-.855);es="Linear";ed="In";};["MouthN_end"]={cf=cfr(-.007,.638,-2.134,.939,.151,-.309,-.187,.978,-.09,.288,.142,.947);es="Linear";ed="In";};};{tm=.083;["BlinkM"]={cf=cfr(0,0,0,1,0,0,0,1,0,0,0,1);es="Linear";ed="In";};["BlinkHalfM_end"]={cf=cfr(0,0,0,1,0,0,0,1,0,0,0,1);es="Linear";ed="In";};["R3rdNb_end"]={cf=cfr(3.984,1.774,3.039,.996,.076,-.04,.073,-.49,.869,.047,-.869,-.493);es="Linear";ed="In";};["EyeYellowM_end"]={cf=cfr(0,0,0,1,0,0,0,1,0,0,0,1);es="Linear";ed="In";};["L3rdNb_end"]={cf=cfr(-7.332,5.698,8.755,-.812,-.277,.514,.124,.779,.615,-.571,.563,-.598);es="Linear";ed="In";};["FitFox00.mo"]={cf=cfr(0,0,0,1,0,0,0,1,0,0,0,1);es="Linear";ed="In";};["TopN"]={cf=cfr(0,0,0,1,0,0,0,1,0,0,0,1);es="Linear";ed="In";};["TransN"]={cf=cfr(-1.007,0,0,1,0,0,0,1,0,0,0,1);es="Linear";ed="In";};["XRotN"]={cf=cfr(.282,0,0,1,0,0,0,1,0,0,0,1);es="Linear";ed="In";};["YRotN"]={cf=cfr(0,0,0,1,0,0,0,1,0,0,0,1);es="Linear";ed="In";};["HipN"]={cf=cfr(.485,.14,4.466,.771,.601,-.211,-.591,.798,.117,.239,.034,.97);es="Linear";ed="In";};["LLegJ"]={cf=cfr(0,0,0,-.198,-.078,-.977,-.283,.959,-.02,.939,.272,-.212);es="Linear";ed="In";};["LKneeJ"]={cf=cfr(0,0,0,-.432,.137,.892,.178,.982,-.065,-.884,.13,-.448);es="Linear";ed="In";};["LFootJ"]={cf=cfr(-.06,-.009,.009,.934,-.354,.045,.319,.886,.336,-.159,-.3,.941);es="Linear";ed="In";};["LToeN"]={cf=cfr(0,0,0,1,0,0,0,1,0,0,0,1);es="Linear";ed="In";};["RLegJ"]={cf=cfr(0,0,0,.96,-.008,.281,-.217,.613,.76,-.179,-.79,.586);es="Linear";ed="In";};["RKneeJ"]={cf=cfr(0,.001,0,-.218,.001,.976,.024,1,.004,-.976,.024,-.218);es="Linear";ed="In";};["RFootJ"]={cf=cfr(.057,-.017,-.007,.991,.051,-.123,-.119,.754,-.646,.06,.655,.753);es="Linear";ed="In";};["RToeN"]={cf=cfr(0,0,0,.879,-.064,-.473,-.021,.985,-.171,.476,.16,.865);es="Linear";ed="In";};["WaistN"]={cf=cfr(0,0,0,.677,.005,.736,-.235,.949,.21,-.697,-.315,.644);es="Linear";ed="In";};["BustN"]={cf=cfr(0,0,0,.82,-.246,.516,.105,.952,.287,-.562,-.181,.807);es="Linear";ed="In";};["RShoulderN"]={cf=cfr(0,0,0,.992,-.046,.115,-.006,.911,.412,-.124,-.41,.904);es="Linear";ed="In";};["RShoulderJ"]={cf=cfr(0,0,0,.479,-.54,-.692,.118,.821,-.559,.87,.186,.457);es="Linear";ed="In";};["RArmJ"]={cf=cfr(0,0,0,.4,-.917,.009,.917,.4,-.002,-.002,.009,1);es="Linear";ed="In";};["RHandN"]={cf=cfr(.006,.001,.002,.995,-.098,-.008,.098,.986,.131,-.005,-.131,.991);es="Linear";ed="In";};["RThumbNa"]={cf=cfr(0,0,0,.457,-.384,.802,.661,.75,-.018,-.595,.539,.597);es="Linear";ed="In";};["RThumbNb"]={cf=cfr(0,0,0,.873,.207,-.441,-.219,.975,.024,.435,.075,.897);es="Linear";ed="In";};["R2ndNa"]={cf=cfr(0,0,0,1,-.002,.003,.003,.876,-.482,-.002,.482,.876);es="Linear";ed="In";};["R2ndNb"]={cf=cfr(0,0,0,1,.001,.003,.001,.785,-.619,-.003,.619,.785);es="Linear";ed="In";};["R1stNa"]={cf=cfr(0,0,0,1,0,0,0,.993,-.12,0,.12,.993);es="Linear";ed="In";};["R1stNb"]={cf=cfr(0,0,0,1,.001,.003,.001,.785,-.619,-.003,.619,.785);es="Linear";ed="In";};["R3rdNa"]={cf=cfr(0,0,0,1,.004,0,-.003,.632,-.775,-.004,.775,.632);es="Linear";ed="In";};["R3rdNb"]={cf=cfr(0,0,0,1,.001,.003,.001,.785,-.619,-.003,.619,.785);es="Linear";ed="In";};["RHandNb"]={cf=cfr(.004,.003,-.024,.994,-.112,.007,.112,.989,-.098,.004,.098,.995);es="Linear";ed="In";};["R4thNa"]={cf=cfr(0,0,0,1,.008,-.008,-.011,.349,-.937,-.004,.937,.349);es="Linear";ed="In";};["R4thNb"]={cf=cfr(0,0,0,1,.001,.003,.001,.785,-.619,-.003,.619,.785);es="Linear";ed="In";};["RASabN"]={cf=cfr(.101,-.388,.001,.473,.317,.822,-.178,.948,-.264,-.863,-.022,.505);es="Linear";ed="In";};["RSSabN"]={cf=cfr(0,0,0,.514,-.007,.858,-.006,1,.012,-.858,-.012,.513);es="Linear";ed="In";};["NeckN"]={cf=cfr(0,0,0,.473,-.702,-.532,.831,.556,.004,.293,-.444,.847);es="Linear";ed="In";};["HeadN"]={cf=cfr(0,0,0,.967,.253,0,-.249,.949,.195,.049,-.188,.981);es="Linear";ed="In";};["ScopeN"]={cf=cfr(0,0,0,1,0,0,0,1,0,0,0,1);es="Linear";ed="In";};["MouthN"]={cf=cfr(0,0,0,1,0,0,0,1,0,0,0,1);es="Linear";ed="In";};["LShoulderN"]={cf=cfr(0,0,0,1,.004,.001,-.004,1,.001,-.001,-.001,1);es="Linear";ed="In";};["LShoulderJ"]={cf=cfr(0,0,0,.963,.007,-.269,-.218,.607,-.764,.158,.795,.586);es="Linear";ed="In";};["LArmJ"]={cf=cfr(0,0,0,.372,-.928,.004,.928,.372,0,-.002,.004,1);es="Linear";ed="In";};["LHandN"]={cf=cfr(-.007,-.001,-.001,.88,.013,-.475,.1,.972,.213,.465,-.235,.854);es="Linear";ed="In";};["LThumbNa"]={cf=cfr(0,0,0,.871,-.491,.002,.462,.817,-.345,.168,.301,.939);es="Linear";ed="In";};["LThumbNb"]={cf=cfr(0,0,0,.996,.091,-.002,-.091,.996,-.001,.002,.001,1);es="Linear";ed="In";};["L3rdNa"]={cf=cfr(0,0,0,.993,.082,-.079,-.114,.732,-.672,.003,.677,.736);es="Linear";ed="In";};["L3rdNb"]={cf=cfr(0,0,0,1,-.001,-.001,0,.845,-.535,.002,.535,.845);es="Linear";ed="In";};["L2ndNa"]={cf=cfr(0,0,0,.997,-.07,.031,.077,.906,-.417,.001,.418,.908);es="Linear";ed="In";};["L2ndNb"]={cf=cfr(0,0,0,1,-.001,-.001,0,.845,-.535,.002,.535,.845);es="Linear";ed="In";};["L1stNa"]={cf=cfr(0,0,0,.954,-.299,.037,.301,.947,-.114,-.001,.12,.993);es="Linear";ed="In";};["L1stNb"]={cf=cfr(0,0,0,1,0,-.002,-.001,.845,-.535,.001,.535,.845);es="Linear";ed="In";};["LHandNb"]={cf=cfr(-.032,-.012,.027,.966,-.252,.064,.259,.955,-.143,-.025,.155,.988);es="Linear";ed="In";};["L4thNa"]={cf=cfr(0,0,0,.928,.195,-.318,-.373,.494,-.785,.004,.847,.531);es="Linear";ed="In";};["L4thNb"]={cf=cfr(0,0,0,1,0,-.002,-.001,.845,-.535,.001,.535,.845);es="Linear";ed="In";};["LASabN"]={cf=cfr(-.1,.445,0,.955,.229,.188,-.207,.97,-.129,-.212,.084,.974);es="Linear";ed="In";};["LSSabN"]={cf=cfr(0,0,0,.963,0,.268,-.001,1,.002,-.268,-.002,.963);es="Linear";ed="In";};["BackN"]={cf=cfr(0,0,0,1,0,0,0,1,0,0,0,1);es="Linear";ed="In";};["ReflectorN"]={cf=cfr(0,0,0,1,0,0,0,1,0,0,0,1);es="Linear";ed="In";};["TailNa"]={cf=cfr(0,0,0,.968,.249,-.031,-.242,.958,.153,.068,-.141,.988);es="Linear";ed="In";};["TailNb"]={cf=cfr(0,0,0,.816,-.578,.034,.566,.808,.163,-.122,-.114,.986);es="Linear";ed="In";};["TailNc"]={cf=cfr(0,0,0,.967,-.238,.087,.23,.969,.089,-.106,-.066,.992);es="Linear";ed="In";};["LSSabN_end"]={cf=cfr(2.845,-3.316,.749,-.335,.872,-.357,-.665,.049,.745,.667,.487,.563);es="Linear";ed="In";};["FaceM_end"]={cf=cfr(0,0,0,1,0,0,0,1,0,0,0,1);es="Linear";ed="In";};["BlasterM_end"]={cf=cfr(0,0,0,1,0,0,0,1,0,0,0,1);es="Linear";ed="In";};["L2ndNb_end"]={cf=cfr(-6.777,-6.543,9.682,-.814,-.283,.507,.567,-.194,.801,-.128,.939,.318);es="Linear";ed="In";};["RThumbNb_end"]={cf=cfr(5.341,-2.699,-.498,.922,-.359,.144,.386,.848,-.362,.008,.389,.921);es="Linear";ed="In";};["FacePattern"]={cf=cfr(0,0,0,1,0,0,0,1,0,0,0,1);es="Linear";ed="In";};["EyeYellowM"]={cf=cfr(0,0,0,1,0,0,0,1,0,0,0,1);es="Linear";ed="In";};["LThumbNb_end"]={cf=cfr(-.517,-10.80,4.12,-.997,-.066,.03,.068,-.706,.705,-.026,.706,.708);es="Linear";ed="In";};["ReflectorN_end"]={cf=cfr(-.839,-1.982,1.214,-.069,-.378,-.923,-.274,.897,-.347,.959,.229,-.166);es="Linear";ed="In";};["RHaveN"]={cf=cfr(-4.642,1.412,-3.981,.881,.465,.088,-.467,.884,.004,-.076,-.045,.996);es="Linear";ed="In";};["ThrowN_end"]={cf=cfr(0,0,0,1,0,0,0,1,0,0,0,1);es="Linear";ed="In";};["BlasterM"]={cf=cfr(0,0,0,1,0,0,0,1,0,0,0,1);es="Linear";ed="In";};["BlinkHalfM"]={cf=cfr(0,0,0,1,0,0,0,1,0,0,0,1);es="Linear";ed="In";};["R4thNb_end"]={cf=cfr(3.995,2.803,1.583,.996,.075,-.045,.088,-.799,.595,.009,-.597,-.802);es="Linear";ed="In";};["RSSabN_end"]={cf=cfr(1.89,1.136,1.979,.387,-.831,-.399,.921,.368,.127,.041,-.417,.908);es="Linear";ed="In";};["BackN_end"]={cf=cfr(-2.269,-1.85,.86,-.294,-.346,-.891,.102,.915,-.389,.95,-.205,-.234);es="Linear";ed="In";};["OuchM"]={cf=cfr(0,0,0,1,0,0,0,1,0,0,0,1);es="Linear";ed="In";};["BlinkM_end"]={cf=cfr(0,0,0,1,0,0,0,1,0,0,0,1);es="Linear";ed="In";};["OuchM_end"]={cf=cfr(0,0,0,1,0,0,0,1,0,0,0,1);es="Linear";ed="In";};["LHandNb_end"]={cf=cfr(.123,-10.24,-2.883,.528,-.192,-.827,-.323,-.946,.013,-.785,.26,-.562);es="Linear";ed="In";};["FitFox00.ao"]={cf=cfr(0,0,0,1,0,0,0,1,0,0,0,1);es="Linear";ed="In";};["RootNode"]={cf=cfr(0,0,0,-1,0,0,0,1,0,0,0,-1);es="Linear";ed="In";};["LToeN_end"]={cf=cfr(3.37,-4.351,.791,-.451,.876,-.17,-.888,-.46,-.018,-.094,.142,.985);es="Linear";ed="In";};["TailNc_end"]={cf=cfr(4.541,3.37,.228,.649,.199,.735,.524,.584,-.62,-.552,.787,.275);es="Linear";ed="In";};["RHaveN_end"]={cf=cfr(0,0,0,1,0,0,0,1,0,0,0,1);es="Linear";ed="In";};["R1stNb_end"]={cf=cfr(3.986,-5.004,1.025,.996,.076,-.042,-.073,.994,.076,.047,-.073,.996);es="Linear";ed="In";};["LHaveN_end"]={cf=cfr(0,0,0,1,0,0,0,1,0,0,0,1);es="Linear";ed="In";};["LHaveN"]={cf=cfr(8.566,-1.711,-6.398,-.826,.304,-.475,.491,.802,-.341,.277,-.514,-.812);es="Linear";ed="In";};["FaceM"]={cf=cfr(0,0,0,1,0,0,0,1,0,0,0,1);es="Linear";ed="In";};["ScopeN_end"]={cf=cfr(-.398,.65,2.535,.954,-.163,-.254,.15,.986,-.07,.261,.028,.965);es="Linear";ed="In";};["L1stNb_end"]={cf=cfr(-6.16,-10.46,5.975,-.816,-.283,.504,.558,-.617,.555,.154,.734,.661);es="Linear";ed="In";};["RHandNb_end"]={cf=cfr(-.822,-5.091,4.065,.986,-.126,-.108,.107,.98,-.169,.128,.155,.98);es="Linear";ed="In";};["RToeN_end"]={cf=cfr(-1.69,2.628,.025,-.867,-.499,-.004,.499,-.866,-.017,.005,-.017,1);es="Linear";ed="In";};["RASabN_end"]={cf=cfr(4.455,-2.203,3.347,.883,-.311,-.352,.328,.945,-.012,.336,-.105,.936);es="Linear";ed="In";};["R2ndNb_end"]={cf=cfr(3.986,-4.485,2.19,.996,.071,-.061,-.047,.941,.336,.081,-.332,.94);es="Linear";ed="In";};["LASabN_end"]={cf=cfr(-.146,-7.492,-.49,-.803,.556,.213,-.387,-.759,.524,.454,.338,.824);es="Linear";ed="In";};["ThrowN"]={cf=cfr(-.282,0,0,1,0,0,0,1,0,0,0,1);es="Linear";ed="In";};["L4thNb_end"]={cf=cfr(-7.999,9.137,2.179,-.812,-.278,.514,-.283,.957,.071,-.511,-.088,-.855);es="Linear";ed="In";};["MouthN_end"]={cf=cfr(-.007,.638,-2.134,.939,.151,-.309,-.187,.978,-.09,.288,.142,.947);es="Linear";ed="In";};};{tm=.125;["BlinkM"]={cf=cfr(0,0,0,1,0,0,0,1,0,0,0,1);es="Linear";ed="In";};["BlinkHalfM_end"]={cf=cfr(0,0,0,1,0,0,0,1,0,0,0,1);es="Linear";ed="In";};["R3rdNb_end"]={cf=cfr(3.984,1.774,3.039,.996,.076,-.04,.073,-.49,.869,.047,-.869,-.493);es="Linear";ed="In";};["EyeYellowM_end"]={cf=cfr(0,0,0,1,0,0,0,1,0,0,0,1);es="Linear";ed="In";};["L3rdNb_end"]={cf=cfr(-7.332,5.698,8.755,-.812,-.277,.514,.124,.779,.615,-.571,.563,-.598);es="Linear";ed="In";};["FitFox00.mo"]={cf=cfr(0,0,0,1,0,0,0,1,0,0,0,1);es="Linear";ed="In";};["TopN"]={cf=cfr(0,0,0,1,0,0,0,1,0,0,0,1);es="Linear";ed="In";};["TransN"]={cf=cfr(-1.503,0,0,1,0,0,0,1,0,0,0,1);es="Linear";ed="In";};["XRotN"]={cf=cfr(.282,0,0,1,0,0,0,1,0,0,0,1);es="Linear";ed="In";};["YRotN"]={cf=cfr(0,0,0,1,0,0,0,1,0,0,0,1);es="Linear";ed="In";};["HipN"]={cf=cfr(.515,.006,4.565,.82,.503,-.274,-.461,.863,.206,.341,-.043,.939);es="Linear";ed="In";};["LLegJ"]={cf=cfr(0,0,0,-.099,.011,-.995,-.187,.982,.029,.977,.189,-.095);es="Linear";ed="In";};["LKneeJ"]={cf=cfr(0,0,0,-.579,.096,.81,.157,.988,-.005,-.8,.124,-.587);es="Linear";ed="In";};["LFootJ"]={cf=cfr(-.06,-.009,.009,.935,-.308,-.175,.337,.925,.174,.108,-.222,.969);es="Linear";ed="In";};["LToeN"]={cf=cfr(0,0,0,1,0,0,0,1,0,0,0,1);es="Linear";ed="In";};["RLegJ"]={cf=cfr(0,0,0,.984,.063,.169,-.172,.057,.983,.052,-.996,.067);es="Linear";ed="In";};["RKneeJ"]={cf=cfr(0,.001,0,-.236,-.051,.97,-.04,.998,.042,-.971,-.029,-.238);es="Linear";ed="In";};["RFootJ"]={cf=cfr(.057,-.017,-.007,.981,-.027,-.19,.017,.998,-.058,.192,.054,.98);es="Linear";ed="In";};["RToeN"]={cf=cfr(0,0,0,.995,.098,-.02,-.099,.94,-.325,-.013,.326,.945);es="Linear";ed="In";};["WaistN"]={cf=cfr(0,0,0,.63,-.096,.771,-.072,.981,.182,-.773,-.17,.611);es="Linear";ed="In";};["BustN"]={cf=cfr(0,0,0,.568,-.676,.469,.627,.725,.284,-.532,.133,.836);es="Linear";ed="In";};["RShoulderN"]={cf=cfr(0,0,0,.984,-.083,.157,-.004,.873,.487,-.178,-.48,.859);es="Linear";ed="In";};["RShoulderJ"]={cf=cfr(0,0,0,.504,-.2,-.84,-.17,.931,-.324,.847,.306,.435);es="Linear";ed="In";};["RArmJ"]={cf=cfr(0,0,0,.174,-.985,.004,.985,.174,.001,-.002,.004,1);es="Linear";ed="In";};["RHandN"]={cf=cfr(.006,.001,.002,.842,.286,-.458,-.252,.958,.135,.477,.001,.879);es="Linear";ed="In";};["RThumbNa"]={cf=cfr(0,0,0,.457,-.384,.802,.661,.75,-.018,-.595,.539,.597);es="Linear";ed="In";};["RThumbNb"]={cf=cfr(0,0,0,.873,.207,-.441,-.219,.975,.024,.435,.075,.897);es="Linear";ed="In";};["R2ndNa"]={cf=cfr(0,0,0,1,-.002,.003,.003,.876,-.482,-.002,.482,.876);es="Linear";ed="In";};["R2ndNb"]={cf=cfr(0,0,0,1,.001,.003,.001,.785,-.619,-.003,.619,.785);es="Linear";ed="In";};["R1stNa"]={cf=cfr(0,0,0,1,0,0,0,.993,-.12,0,.12,.993);es="Linear";ed="In";};["R1stNb"]={cf=cfr(0,0,0,1,.001,.003,.001,.785,-.619,-.003,.619,.785);es="Linear";ed="In";};["R3rdNa"]={cf=cfr(0,0,0,1,.004,0,-.003,.632,-.775,-.004,.775,.632);es="Linear";ed="In";};["R3rdNb"]={cf=cfr(0,0,0,1,.001,.003,.001,.785,-.619,-.003,.619,.785);es="Linear";ed="In";};["RHandNb"]={cf=cfr(.008,.003,-.016,.965,-.262,.028,.252,.948,.196,-.078,-.182,.98);es="Linear";ed="In";};["R4thNa"]={cf=cfr(0,0,0,1,.008,-.008,-.011,.349,-.937,-.004,.937,.349);es="Linear";ed="In";};["R4thNb"]={cf=cfr(0,0,0,1,.001,.003,.001,.785,-.619,-.003,.619,.785);es="Linear";ed="In";};["RASabN"]={cf=cfr(.09,-.462,.001,.426,.385,.819,-.196,.923,-.332,-.883,-.02,.468);es="Linear";ed="In";};["RSSabN"]={cf=cfr(0,0,0,.486,-.006,.874,-.006,1,.01,-.874,-.01,.486);es="Linear";ed="In";};["NeckN"]={cf=cfr(0,0,0,.339,-.853,-.396,.94,.297,.165,-.023,-.428,.903);es="Linear";ed="In";};["HeadN"]={cf=cfr(0,0,0,.934,.025,.358,-.203,.86,.468,-.296,-.51,.808);es="Linear";ed="In";};["ScopeN"]={cf=cfr(0,0,0,1,0,0,0,1,0,0,0,1);es="Linear";ed="In";};["MouthN"]={cf=cfr(0,0,0,1,0,0,0,1,0,0,0,1);es="Linear";ed="In";};["LShoulderN"]={cf=cfr(0,0,0,1,0,0,0,1,-.001,0,.001,1);es="Linear";ed="In";};["LShoulderJ"]={cf=cfr(0,0,0,.861,.209,-.463,-.459,.711,-.532,.218,.671,.709);es="Linear";ed="In";};["LArmJ"]={cf=cfr(0,0,0,.36,-.933,.004,.933,.36,.002,-.003,.003,1);es="Linear";ed="In";};["LHandN"]={cf=cfr(-.007,-.001,-.001,1,-.012,.001,.012,1,0,-.001,0,1);es="Linear";ed="In";};["LThumbNa"]={cf=cfr(0,0,0,.871,-.491,.002,.462,.817,-.345,.168,.301,.939);es="Linear";ed="In";};["LThumbNb"]={cf=cfr(0,0,0,.996,.091,-.002,-.091,.996,-.001,.002,.001,1);es="Linear";ed="In";};["L3rdNa"]={cf=cfr(0,0,0,.993,.082,-.079,-.114,.732,-.672,.003,.677,.736);es="Linear";ed="In";};["L3rdNb"]={cf=cfr(0,0,0,1,-.001,-.001,0,.845,-.535,.002,.535,.845);es="Linear";ed="In";};["L2ndNa"]={cf=cfr(0,0,0,.997,-.07,.031,.077,.906,-.417,.001,.418,.908);es="Linear";ed="In";};["L2ndNb"]={cf=cfr(0,0,0,1,-.001,-.001,0,.845,-.535,.002,.535,.845);es="Linear";ed="In";};["L1stNa"]={cf=cfr(0,0,0,.954,-.299,.037,.301,.947,-.114,-.001,.12,.993);es="Linear";ed="In";};["L1stNb"]={cf=cfr(0,0,0,1,0,-.002,-.001,.845,-.535,.001,.535,.845);es="Linear";ed="In";};["LHandNb"]={cf=cfr(-.025,-.013,.026,1,0,0,0,1,-.001,0,.001,1);es="Linear";ed="In";};["L4thNa"]={cf=cfr(0,0,0,.928,.195,-.318,-.373,.494,-.785,.004,.847,.531);es="Linear";ed="In";};["L4thNb"]={cf=cfr(0,0,0,1,0,-.002,-.001,.845,-.535,.001,.535,.845);es="Linear";ed="In";};["LASabN"]={cf=cfr(-.094,.462,.001,.921,.242,.306,-.192,.964,-.183,-.339,.109,.934);es="Linear";ed="In";};["LSSabN"]={cf=cfr(0,0,0,.917,0,.4,-.001,1,.003,-.4,-.003,.917);es="Linear";ed="In";};["BackN"]={cf=cfr(0,0,0,1,0,0,0,1,0,0,0,1);es="Linear";ed="In";};["ReflectorN"]={cf=cfr(0,0,0,1,0,0,0,1,0,0,0,1);es="Linear";ed="In";};["TailNa"]={cf=cfr(0,0,0,.903,.427,-.034,-.414,.891,.186,.11,-.154,.982);es="Linear";ed="In";};["TailNb"]={cf=cfr(0,0,0,.834,-.55,.039,.531,.821,.21,-.148,-.154,.977);es="Linear";ed="In";};["TailNc"]={cf=cfr(0,0,0,.97,-.222,.099,.211,.971,.117,-.122,-.093,.988);es="Linear";ed="In";};["LSSabN_end"]={cf=cfr(2.845,-3.316,.749,-.335,.872,-.357,-.665,.049,.745,.667,.487,.563);es="Linear";ed="In";};["FaceM_end"]={cf=cfr(0,0,0,1,0,0,0,1,0,0,0,1);es="Linear";ed="In";};["BlasterM_end"]={cf=cfr(0,0,0,1,0,0,0,1,0,0,0,1);es="Linear";ed="In";};["L2ndNb_end"]={cf=cfr(-6.777,-6.543,9.682,-.814,-.283,.507,.567,-.194,.801,-.128,.939,.318);es="Linear";ed="In";};["RThumbNb_end"]={cf=cfr(5.341,-2.699,-.498,.922,-.359,.144,.386,.848,-.362,.008,.389,.921);es="Linear";ed="In";};["FacePattern"]={cf=cfr(0,0,0,1,0,0,0,1,0,0,0,1);es="Linear";ed="In";};["EyeYellowM"]={cf=cfr(0,0,0,1,0,0,0,1,0,0,0,1);es="Linear";ed="In";};["LThumbNb_end"]={cf=cfr(-.517,-10.80,4.12,-.997,-.066,.03,.068,-.706,.705,-.026,.706,.708);es="Linear";ed="In";};["ReflectorN_end"]={cf=cfr(-.839,-1.982,1.214,-.069,-.378,-.923,-.274,.897,-.347,.959,.229,-.166);es="Linear";ed="In";};["RHaveN"]={cf=cfr(-4.642,1.412,-3.981,.881,.465,.088,-.467,.884,.004,-.076,-.045,.996);es="Linear";ed="In";};["ThrowN_end"]={cf=cfr(0,0,0,1,0,0,0,1,0,0,0,1);es="Linear";ed="In";};["BlasterM"]={cf=cfr(0,0,0,1,0,0,0,1,0,0,0,1);es="Linear";ed="In";};["BlinkHalfM"]={cf=cfr(0,0,0,1,0,0,0,1,0,0,0,1);es="Linear";ed="In";};["R4thNb_end"]={cf=cfr(3.995,2.803,1.583,.996,.075,-.045,.088,-.799,.595,.009,-.597,-.802);es="Linear";ed="In";};["RSSabN_end"]={cf=cfr(1.89,1.136,1.979,.387,-.831,-.399,.921,.368,.127,.041,-.417,.908);es="Linear";ed="In";};["BackN_end"]={cf=cfr(-2.269,-1.85,.86,-.294,-.346,-.891,.102,.915,-.389,.95,-.205,-.234);es="Linear";ed="In";};["OuchM"]={cf=cfr(0,0,0,1,0,0,0,1,0,0,0,1);es="Linear";ed="In";};["BlinkM_end"]={cf=cfr(0,0,0,1,0,0,0,1,0,0,0,1);es="Linear";ed="In";};["OuchM_end"]={cf=cfr(0,0,0,1,0,0,0,1,0,0,0,1);es="Linear";ed="In";};["LHandNb_end"]={cf=cfr(.123,-10.24,-2.883,.528,-.192,-.827,-.323,-.946,.013,-.785,.26,-.562);es="Linear";ed="In";};["FitFox00.ao"]={cf=cfr(0,0,0,1,0,0,0,1,0,0,0,1);es="Linear";ed="In";};["RootNode"]={cf=cfr(0,0,0,-1,0,0,0,1,0,0,0,-1);es="Linear";ed="In";};["LToeN_end"]={cf=cfr(3.37,-4.351,.791,-.451,.876,-.17,-.888,-.46,-.018,-.094,.142,.985);es="Linear";ed="In";};["TailNc_end"]={cf=cfr(4.541,3.37,.228,.649,.199,.735,.524,.584,-.62,-.552,.787,.275);es="Linear";ed="In";};["RHaveN_end"]={cf=cfr(0,0,0,1,0,0,0,1,0,0,0,1);es="Linear";ed="In";};["R1stNb_end"]={cf=cfr(3.986,-5.004,1.025,.996,.076,-.042,-.073,.994,.076,.047,-.073,.996);es="Linear";ed="In";};["LHaveN_end"]={cf=cfr(0,0,0,1,0,0,0,1,0,0,0,1);es="Linear";ed="In";};["LHaveN"]={cf=cfr(8.566,-1.711,-6.398,-.826,.304,-.475,.491,.802,-.341,.277,-.514,-.812);es="Linear";ed="In";};["FaceM"]={cf=cfr(0,0,0,1,0,0,0,1,0,0,0,1);es="Linear";ed="In";};["ScopeN_end"]={cf=cfr(-.398,.65,2.535,.954,-.163,-.254,.15,.986,-.07,.261,.028,.965);es="Linear";ed="In";};["L1stNb_end"]={cf=cfr(-6.16,-10.46,5.975,-.816,-.283,.504,.558,-.617,.555,.154,.734,.661);es="Linear";ed="In";};["RHandNb_end"]={cf=cfr(-.822,-5.091,4.065,.986,-.126,-.108,.107,.98,-.169,.128,.155,.98);es="Linear";ed="In";};["RToeN_end"]={cf=cfr(-1.69,2.628,.025,-.867,-.499,-.004,.499,-.866,-.017,.005,-.017,1);es="Linear";ed="In";};["RASabN_end"]={cf=cfr(4.455,-2.203,3.347,.883,-.311,-.352,.328,.945,-.012,.336,-.105,.936);es="Linear";ed="In";};["R2ndNb_end"]={cf=cfr(3.986,-4.485,2.19,.996,.071,-.061,-.047,.941,.336,.081,-.332,.94);es="Linear";ed="In";};["LASabN_end"]={cf=cfr(-.146,-7.492,-.49,-.803,.556,.213,-.387,-.759,.524,.454,.338,.824);es="Linear";ed="In";};["ThrowN"]={cf=cfr(-.282,0,0,1,0,0,0,1,0,0,0,1);es="Linear";ed="In";};["L4thNb_end"]={cf=cfr(-7.999,9.137,2.179,-.812,-.278,.514,-.283,.957,.071,-.511,-.088,-.855);es="Linear";ed="In";};["MouthN_end"]={cf=cfr(-.007,.638,-2.134,.939,.151,-.309,-.187,.978,-.09,.288,.142,.947);es="Linear";ed="In";};};{tm=.167;["BlinkM"]={cf=cfr(0,0,0,1,0,0,0,1,0,0,0,1);es="Linear";ed="In";};["BlinkHalfM_end"]={cf=cfr(0,0,0,1,0,0,0,1,0,0,0,1);es="Linear";ed="In";};["R3rdNb_end"]={cf=cfr(3.984,1.774,3.039,.996,.076,-.04,.073,-.49,.869,.047,-.869,-.493);es="Linear";ed="In";};["EyeYellowM_end"]={cf=cfr(0,0,0,1,0,0,0,1,0,0,0,1);es="Linear";ed="In";};["L3rdNb_end"]={cf=cfr(-7.332,5.698,8.755,-.812,-.277,.514,.124,.779,.615,-.571,.563,-.598);es="Linear";ed="In";};["FitFox00.mo"]={cf=cfr(0,0,0,1,0,0,0,1,0,0,0,1);es="Linear";ed="In";};["TopN"]={cf=cfr(0,0,0,1,0,0,0,1,0,0,0,1);es="Linear";ed="In";};["TransN"]={cf=cfr(-2,0,0,1,0,0,0,1,0,0,0,1);es="Linear";ed="In";};["XRotN"]={cf=cfr(.282,0,0,1,0,0,0,1,0,0,0,1);es="Linear";ed="In";};["YRotN"]={cf=cfr(0,0,0,1,0,0,0,1,0,0,0,1);es="Linear";ed="In";};["HipN"]={cf=cfr(.18,.063,4.53,.857,-.477,-.196,.485,.875,-.01,.176,-.086,.981);es="Linear";ed="In";};["LLegJ"]={cf=cfr(0,0,0,.641,.446,-.625,-.14,.868,.476,.755,-.218,.619);es="Linear";ed="In";};["LKneeJ"]={cf=cfr(0,0,0,-.673,-.201,.711,-.135,.98,.15,-.727,.005,-.687);es="Linear";ed="In";};["LFootJ"]={cf=cfr(-.06,-.009,.009,.296,-.333,-.896,-.069,.928,-.367,.953,.17,.251);es="Linear";ed="In";};["LToeN"]={cf=cfr(0,0,0,1,0,0,0,1,0,0,0,1);es="Linear";ed="In";};["RLegJ"]={cf=cfr(0,0,0,.878,.436,-.199,.222,-.003,.975,.425,-.9,-.099);es="Linear";ed="In";};["RKneeJ"]={cf=cfr(0,.001,0,-.392,-.054,.918,-.051,.998,.037,-.918,-.032,-.394);es="Linear";ed="In";};["RFootJ"]={cf=cfr(.057,-.017,-.007,.98,-.077,-.184,.106,.983,.149,.17,-.166,.971);es="Linear";ed="In";};["RToeN"]={cf=cfr(0,0,0,.99,.08,-.118,-.12,.914,-.388,.076,.398,.914);es="Linear";ed="In";};["WaistN"]={cf=cfr(0,0,0,.768,-.037,.64,.189,.967,-.17,-.612,.252,.749);es="Linear";ed="In";};["BustN"]={cf=cfr(0,0,0,.446,-.887,.117,.893,.434,-.117,.053,.156,.986);es="Linear";ed="In";};["RShoulderN"]={cf=cfr(0,0,0,.995,-.043,.093,.013,.953,.302,-.102,-.299,.949);es="Linear";ed="In";};["RShoulderJ"]={cf=cfr(0,0,0,.847,-.531,.016,.