-- // converted using mech's animoduler
local cfr = CFrame.new

return {{tm=0;["BlinkM"]={cf=cfr(0,0,0,1,0,0,0,1,0,0,0,1);es="Linear";ed="In";};["BlinkHalfM_end"]={cf=cfr(0,0,0,1,0,0,0,1,0,0,0,1);es="Linear";ed="In";};["R3rdNb_end"]={cf=cfr(3.984,1.774,3.039,.996,.076,-.04,.073,-.49,.869,.047,-.869,-.493);es="Linear";ed="In";};["EyeYellowM_end"]={cf=cfr(0,0,0,1,0,0,0,1,0,0,0,1);es="Linear";ed="In";};["L3rdNb_end"]={cf=cfr(-7.332,5.698,8.755,-.812,-.277,.514,.124,.779,.615,-.571,.563,-.598);es="Linear";ed="In";};["FitFox00.mo"]={cf=cfr(0,0,0,1,0,0,0,1,0,0,0,1);es="Linear";ed="In";};["TopN"]={cf=cfr(0,0,0,1,0,0,0,1,0,0,0,1);es="Linear";ed="In";};["TransN"]={cf=cfr(0,0,0,1,0,0,0,1,0,0,0,1);es="Linear";ed="In";};["XRotN"]={cf=cfr(.282,0,0,1,0,0,0,1,0,0,0,1);es="Linear";ed="In";};["YRotN"]={cf=cfr(0,0,0,1,0,0,0,1,0,0,0,1);es="Linear";ed="In";};["HipN"]={cf=cfr(-.263,.199,1.309,.956,-.219,-.196,.268,.923,.275,.121,-.315,.941);es="Linear";ed="In";};["LLegJ"]={cf=cfr(0,0,0,.371,-.352,-.859,-.165,.885,-.434,.914,.303,.27);es="Linear";ed="In";};["LKneeJ"]={cf=cfr(-.001,-.001,0,.638,.215,.74,.016,.956,-.292,-.77,.198,.606);es="Linear";ed="In";};["LFootJ"]={cf=cfr(-.052,-.01,.008,.953,-.278,-.118,.285,.958,.043,.101,-.075,.992);es="Linear";ed="In";};["LToeN"]={cf=cfr(0,0,0,1,0,0,0,1,0,0,0,1);es="Linear";ed="In";};["RLegJ"]={cf=cfr(0,0,0,.204,.657,-.726,.089,.726,.682,.975,-.204,.09);es="Linear";ed="In";};["RKneeJ"]={cf=cfr(.001,0,0,-.153,-.007,.988,.114,.993,.025,-.982,.117,-.151);es="Linear";ed="In";};["RFootJ"]={cf=cfr(.046,-.008,-.006,.927,-.213,.308,.171,.973,.157,-.333,-.093,.938);es="Linear";ed="In";};["RToeN"]={cf=cfr(0,0,0,1,0,0,0,1,0,0,0,1);es="Linear";ed="In";};["WaistN"]={cf=cfr(0,0,0,.685,-.729,.014,.728,.682,-.07,.042,.058,.997);es="Linear";ed="In";};["BustN"]={cf=cfr(0,0,0,.777,-.588,.225,.617,.783,-.082,-.128,.202,.971);es="Linear";ed="In";};["RShoulderN"]={cf=cfr(0,0,0,.998,-.041,.055,.02,.941,.339,-.065,-.337,.939);es="Linear";ed="In";};["RShoulderJ"]={cf=cfr(0,0,0,.719,.506,-.477,-.568,.823,.018,.401,.258,.879);es="Linear";ed="In";};["RArmJ"]={cf=cfr(0,0,0,.684,-.729,.004,.729,.684,-.002,-.002,.004,1);es="Linear";ed="In";};["RHandN"]={cf=cfr(.011,.002,.003,.966,-.198,-.169,.201,.98,0,.165,-.033,.986);es="Linear";ed="In";};["RThumbNa"]={cf=cfr(0,0,0,.782,.068,.62,.255,.872,-.418,-.569,.484,.665);es="Linear";ed="In";};["RThumbNb"]={cf=cfr(0,0,0,.903,.068,-.424,-.11,.991,-.074,.416,.114,.902);es="Linear";ed="In";};["R3rdNa"]={cf=cfr(0,0,0,1,.003,.004,.003,.313,-.95,-.004,.95,.313);es="Linear";ed="In";};["R3rdNb"]={cf=cfr(0,0,0,1,.003,.004,.003,.381,-.925,-.004,.925,.381);es="Linear";ed="In";};["R2ndNa"]={cf=cfr(0,0,0,1,.003,.004,.002,.43,-.903,-.004,.903,.43);es="Linear";ed="In";};["R2ndNb"]={cf=cfr(0,0,0,1,.003,.004,.003,.381,-.925,-.004,.925,.381);es="Linear";ed="In";};["R1stNa"]={cf=cfr(0,0,0,1,.002,.004,.002,.54,-.841,-.004,.841,.54);es="Linear";ed="In";};["R1stNb"]={cf=cfr(0,0,0,1,.003,.004,.003,.381,-.925,-.004,.925,.381);es="Linear";ed="In";};["R4thNa"]={cf=cfr(0,0,0,1,.004,.004,.003,.209,-.978,-.005,.978,.209);es="Linear";ed="In";};["R4thNb"]={cf=cfr(0,0,0,1,.003,.004,.003,.381,-.925,-.004,.925,.381);es="Linear";ed="In";};["RHandNb"]={cf=cfr(-.002,0,-.018,1,.019,-.022,-.023,.982,-.189,.018,.189,.982);es="Linear";ed="In";};["RASabN"]={cf=cfr(.127,-.305,.001,.875,.128,.466,-.107,.992,-.07,-.471,.012,.882);es="Linear";ed="In";};["RSSabN"]={cf=cfr(0,0,0,.878,-.001,.478,-.001,1,.005,-.478,-.005,.878);es="Linear";ed="In";};["NeckN"]={cf=cfr(0,0,0,.501,.866,.008,-.865,.501,-.02,-.021,.003,1);es="Linear";ed="In";};["HeadN"]={cf=cfr(0,0,0,.961,.1,.257,-.064,.987,-.146,-.268,.123,.955);es="Linear";ed="In";};["ScopeN"]={cf=cfr(0,0,0,1,0,0,0,1,0,0,0,1);es="Linear";ed="In";};["MouthN"]={cf=cfr(0,0,0,.984,0,.178,0,1,0,-.178,0,.984);es="Linear";ed="In";};["LShoulderN"]={cf=cfr(0,0,0,1,-.004,-.001,.004,1,0,.001,0,1);es="Linear";ed="In";};["LShoulderJ"]={cf=cfr(0,0,0,.577,-.783,.234,.796,.475,-.375,.182,.403,.897);es="Linear";ed="In";};["LArmJ"]={cf=cfr(0,0,0,.455,-.89,.005,.89,.455,.002,-.004,.004,1);es="Linear";ed="In";};["LHandN"]={cf=cfr(-.009,-.001,-.002,.994,-.107,-.002,.107,.994,0,.002,0,1);es="Linear";ed="In";};["L3rdNa"]={cf=cfr(0,0,0,1,-.003,-.001,.001,.459,-.888,.003,.888,.459);es="Linear";ed="In";};["L3rdNb"]={cf=cfr(0,0,0,1,-.002,-.002,-.001,.454,-.891,.003,.891,.454);es="Linear";ed="In";};["LThumbNa"]={cf=cfr(0,0,0,.971,.237,-.002,-.223,.913,-.342,-.079,.333,.94);es="Linear";ed="In";};["LThumbNb"]={cf=cfr(0,0,0,.996,.091,-.002,-.091,.996,0,.002,.001,1);es="Linear";ed="In";};["L2ndNa"]={cf=cfr(0,0,0,1,-.002,-.002,-.001,.45,-.893,.003,.893,.45);es="Linear";ed="In";};["L2ndNb"]={cf=cfr(0,0,0,1,-.002,-.002,0,.454,-.891,.003,.891,.454);es="Linear";ed="In";};["L1stNa"]={cf=cfr(0,0,0,1,-.001,-.004,-.003,.44,-.898,.003,.898,.44);es="Linear";ed="In";};["L1stNb"]={cf=cfr(0,0,0,1,0,-.003,-.003,.454,-.891,.002,.891,.454);es="Linear";ed="In";};["LHandNb"]={cf=cfr(.002,.001,.009,1,.021,-.011,-.022,.995,-.094,.009,.094,.996);es="Linear";ed="In";};["L4thNa"]={cf=cfr(0,0,0,1,-.004,.002,.003,.467,-.884,.003,.884,.467);es="Linear";ed="In";};["L4thNb"]={cf=cfr(0,0,0,1,0,-.003,-.003,.454,-.891,.002,.891,.454);es="Linear";ed="In";};["LASabN"]={cf=cfr(-.109,.42,-.002,.962,.271,-.024,-.27,.962,.039,.033,-.031,.999);es="Linear";ed="In";};["LSSabN"]={cf=cfr(0,0,0,1,0,-.032,0,1,0,.032,0,1);es="Linear";ed="In";};["BackN"]={cf=cfr(0,0,0,1,0,0,0,1,0,0,0,1);es="Linear";ed="In";};["ReflectorN"]={cf=cfr(0,0,0,1,0,0,0,1,0,0,0,1);es="Linear";ed="In";};["TailNa"]={cf=cfr(0,-.327,-.144,.995,.095,.008,-.082,.817,.571,.048,-.569,.821);es="Linear";ed="In";};["TailNb"]={cf=cfr(0,.288,.212,.994,-.044,-.096,.065,.969,.237,.083,-.242,.967);es="Linear";ed="In";};["TailNc"]={cf=cfr(0,0,0,.997,-.034,-.071,.011,.952,-.307,.078,.305,.949);es="Linear";ed="In";};["LSSabN_end"]={cf=cfr(2.845,-3.316,.749,-.335,.872,-.357,-.665,.049,.745,.667,.487,.563);es="Linear";ed="In";};["FaceM_end"]={cf=cfr(0,0,0,1,0,0,0,1,0,0,0,1);es="Linear";ed="In";};["OuchM"]={cf=cfr(0,0,0,1,0,0,0,1,0,0,0,1);es="Linear";ed="In";};["L2ndNb_end"]={cf=cfr(-6.777,-6.543,9.682,-.814,-.283,.507,.567,-.194,.801,-.128,.939,.318);es="Linear";ed="In";};["FacePattern"]={cf=cfr(0,0,0,1,0,0,0,1,0,0,0,1);es="Linear";ed="In";};["EyeYellowM"]={cf=cfr(0,0,0,1,0,0,0,1,0,0,0,1);es="Linear";ed="In";};["LThumbNb_end"]={cf=cfr(-.517,-10.80,4.12,-.997,-.066,.03,.068,-.706,.705,-.026,.706,.708);es="Linear";ed="In";};["ReflectorN_end"]={cf=cfr(-.839,-1.982,1.214,-.069,-.378,-.923,-.274,.897,-.347,.959,.229,-.166);es="Linear";ed="In";};["RHaveN"]={cf=cfr(-4.642,1.412,-3.981,.881,.465,.088,-.467,.884,.004,-.076,-.045,.996);es="Linear";ed="In";};["ThrowN_end"]={cf=cfr(0,0,0,1,0,0,0,1,0,0,0,1);es="Linear";ed="In";};["BlasterM"]={cf=cfr(0,0,0,1,0,0,0,1,0,0,0,1);es="Linear";ed="In";};["R4thNb_end"]={cf=cfr(3.995,2.803,1.583,.996,.075,-.045,.088,-.799,.595,.009,-.597,-.802);es="Linear";ed="In";};["BlinkHalfM"]={cf=cfr(0,0,0,1,0,0,0,1,0,0,0,1);es="Linear";ed="In";};["RSSabN_end"]={cf=cfr(1.89,1.136,1.979,.387,-.831,-.399,.921,.368,.127,.041,-.417,.908);es="Linear";ed="In";};["BackN_end"]={cf=cfr(-2.269,-1.85,.86,-.294,-.346,-.891,.102,.915,-.389,.95,-.205,-.234);es="Linear";ed="In";};["RThumbNb_end"]={cf=cfr(5.341,-2.699,-.498,.922,-.359,.144,.386,.848,-.362,.008,.389,.921);es="Linear";ed="In";};["BlinkM_end"]={cf=cfr(0,0,0,1,0,0,0,1,0,0,0,1);es="Linear";ed="In";};["OuchM_end"]={cf=cfr(0,0,0,1,0,0,0,1,0,0,0,1);es="Linear";ed="In";};["RootNode"]={cf=cfr(0,0,0,-1,0,0,0,1,0,0,0,-1);es="Linear";ed="In";};["LHandNb_end"]={cf=cfr(.123,-10.24,-2.883,.528,-.192,-.827,-.323,-.946,.013,-.785,.26,-.562);es="Linear";ed="In";};["LToeN_end"]={cf=cfr(3.37,-4.351,.791,-.451,.876,-.17,-.888,-.46,-.018,-.094,.142,.985);es="Linear";ed="In";};["R1stNb_end"]={cf=cfr(3.986,-5.004,1.025,.996,.076,-.042,-.073,.994,.076,.047,-.073,.996);es="Linear";ed="In";};["RHaveN_end"]={cf=cfr(0,0,0,1,0,0,0,1,0,0,0,1);es="Linear";ed="In";};["LHaveN_end"]={cf=cfr(0,0,0,1,0,0,0,1,0,0,0,1);es="Linear";ed="In";};["LHaveN"]={cf=cfr(8.566,-1.711,-6.398,-.826,.304,-.475,.491,.802,-.341,.277,-.514,-.812);es="Linear";ed="In";};["FaceM"]={cf=cfr(0,0,0,1,0,0,0,1,0,0,0,1);es="Linear";ed="In";};["ScopeN_end"]={cf=cfr(-.398,.65,2.535,.954,-.163,-.254,.15,.986,-.07,.261,.028,.965);es="Linear";ed="In";};["L1stNb_end"]={cf=cfr(-6.16,-10.46,5.975,-.816,-.283,.504,.558,-.617,.555,.154,.734,.661);es="Linear";ed="In";};["TailNc_end"]={cf=cfr(4.541,3.37,.228,.649,.199,.735,.524,.584,-.62,-.552,.787,.275);es="Linear";ed="In";};["RHandNb_end"]={cf=cfr(-.822,-5.091,4.065,.986,-.126,-.108,.107,.98,-.169,.128,.155,.98);es="Linear";ed="In";};["FitFox00.ao"]={cf=cfr(0,0,0,1,0,0,0,1,0,0,0,1);es="Linear";ed="In";};["RASabN_end"]={cf=cfr(4.455,-2.203,3.347,.883,-.311,-.352,.328,.945,-.012,.336,-.105,.936);es="Linear";ed="In";};["L4thNb_end"]={cf=cfr(-7.999,9.137,2.179,-.812,-.278,.514,-.283,.957,.071,-.511,-.088,-.855);es="Linear";ed="In";};["RToeN_end"]={cf=cfr(-1.69,2.628,.025,-.867,-.499,-.004,.499,-.866,-.017,.005,-.017,1);es="Linear";ed="In";};["R2ndNb_end"]={cf=cfr(3.986,-4.485,2.19,.996,.071,-.061,-.047,.941,.336,.081,-.332,.94);es="Linear";ed="In";};["LASabN_end"]={cf=cfr(-.146,-7.492,-.49,-.803,.556,.213,-.387,-.759,.524,.454,.338,.824);es="Linear";ed="In";};["ThrowN"]={cf=cfr(-.282,0,0,1,0,0,0,1,0,0,0,1);es="Linear";ed="In";};["BlasterM_end"]={cf=cfr(0,0,0,1,0,0,0,1,0,0,0,1);es="Linear";ed="In";};["MouthN_end"]={cf=cfr(-.007,.638,-2.134,.939,.151,-.309,-.187,.978,-.09,.288,.142,.947);es="Linear";ed="In";};};{tm=.043;["BlinkM"]={cf=cfr(0,0,0,1,0,0,0,1,0,0,0,1);es="Linear";ed="In";};["BlinkHalfM_end"]={cf=cfr(0,0,0,1,0,0,0,1,0,0,0,1);es="Linear";ed="In";};["R3rdNb_end"]={cf=cfr(3.984,1.774,3.039,.996,.076,-.04,.073,-.49,.869,.047,-.869,-.493);es="Linear";ed="In";};["EyeYellowM_end"]={cf=cfr(0,0,0,1,0,0,0,1,0,0,0,1);es="Linear";ed="In";};["L3rdNb_end"]={cf=cfr(-7.332,5.698,8.755,-.812,-.277,.514,.124,.779,.615,-.571,.563,-.598);es="Linear";ed="In";};["FitFox00.mo"]={cf=cfr(0,0,0,1,0,0,0,1,0,0,0,1);es="Linear";ed="In";};["TopN"]={cf=cfr(0,0,0,1,0,0,0,1,0,0,0,1);es="Linear";ed="In";};["TransN"]={cf=cfr(0,0,0,1,0,0,0,1,0,0,0,1);es="Linear";ed="In";};["XRotN"]={cf=cfr(.282,0,0,1,0,0,0,1,0,0,0,1);es="Linear";ed="In";};["YRotN"]={cf=cfr(0,0,0,1,0,0,0,1,0,0,0,1);es="Linear";ed="In";};["HipN"]={cf=cfr(.3,.188,1.635,.718,-.464,-.518,.671,.66,.338,.185,-.59,.786);es="Linear";ed="In";};["LLegJ"]={cf=cfr(0,0,0,-.469,-.698,-.541,-.235,.689,-.686,.851,-.194,-.487);es="Linear";ed="In";};["LKneeJ"]={cf=cfr(-.001,-.001,0,.676,.218,.704,.062,.935,-.349,-.734,.279,.619);es="Linear";ed="In";};["LFootJ"]={cf=cfr(-.052,-.01,.008,.91,-.404,-.099,.404,.914,-.011,.095,-.03,.995);es="Linear";ed="In";};["LToeN"]={cf=cfr(0,0,0,1,0,0,0,1,0,0,0,1);es="Linear";ed="In";};["RLegJ"]={cf=cfr(0,0,0,-.044,.933,-.357,.048,.359,.932,.998,.024,-.061);es="Linear";ed="In";};["RKneeJ"]={cf=cfr(.001,0,0,-.261,-.028,.965,.217,.972,.087,-.94,.233,-.248);es="Linear";ed="In";};["RFootJ"]={cf=cfr(.046,-.008,-.006,.736,-.459,.498,.274,.874,.401,-.62,-.158,.769);es="Linear";ed="In";};["RToeN"]={cf=cfr(0,0,0,1,0,0,0,1,0,0,0,1);es="Linear";ed="In";};["WaistN"]={cf=cfr(0,0,0,.368,-.929,.046,.927,.363,-.092,.069,.076,.995);es="Linear";ed="In";};["BustN"]={cf=cfr(0,0,0,.554,-.832,.035,.829,.546,-.122,.082,.097,.992);es="Linear";ed="In";};["RShoulderN"]={cf=cfr(0,0,0,.999,-.026,.033,.019,.979,.201,-.038,-.2,.979);es="Linear";ed="In";};["RShoulderJ"]={cf=cfr(0,0,0,.677,.562,-.476,-.623,.782,.037,.393,.271,.879);es="Linear";ed="In";};["RArmJ"]={cf=cfr(0,0,0,.629,-.777,.004,.777,.629,-.001,-.001,.004,1);es="Linear";ed="In";};["RHandN"]={cf=cfr(.011,.002,.003,.878,.078,-.473,-.089,.996,0,.471,.042,.881);es="Linear";ed="In";};["RThumbNa"]={cf=cfr(0,0,0,.782,.068,.62,.255,.872,-.418,-.569,.484,.665);es="Linear";ed="In";};["RThumbNb"]={cf=cfr(0,0,0,.903,.068,-.424,-.11,.991,-.074,.416,.114,.902);es="Linear";ed="In";};["R3rdNa"]={cf=cfr(0,0,0,1,.003,.004,.003,.313,-.95,-.004,.95,.313);es="Linear";ed="In";};["R3rdNb"]={cf=cfr(0,0,0,1,.003,.004,.003,.381,-.925,-.004,.925,.381);es="Linear";ed="In";};["R2ndNa"]={cf=cfr(0,0,0,1,.003,.004,.002,.43,-.903,-.004,.903,.43);es="Linear";ed="In";};["R2ndNb"]={cf=cfr(0,0,0,1,.003,.004,.003,.381,-.925,-.004,.925,.381);es="Linear";ed="In";};["R1stNa"]={cf=cfr(0,0,0,1,.002,.004,.002,.54,-.841,-.004,.841,.54);es="Linear";ed="In";};["R1stNb"]={cf=cfr(0,0,0,1,.003,.004,.003,.381,-.925,-.004,.925,.381);es="Linear";ed="In";};["R4thNa"]={cf=cfr(0,0,0,1,.004,.004,.003,.209,-.978,-.005,.978,.209);es="Linear";ed="In";};["R4thNb"]={cf=cfr(0,0,0,1,.003,.004,.003,.381,-.925,-.004,.925,.381);es="Linear";ed="In";};["RHandNb"]={cf=cfr(-.002,0,-.017,.996,-.089,.01,.089,.994,.062,-.016,-.06,.998);es="Linear";ed="In";};["RASabN"]={cf=cfr(.127,-.309,.001,.872,.121,.474,-.097,.992,-.076,-.48,.02,.877);es="Linear";ed="In";};["RSSabN"]={cf=cfr(0,0,0,.873,-.001,.488,-.001,1,.005,-.488,-.005,.873);es="Linear";ed="In";};["NeckN"]={cf=cfr(0,0,0,.153,.965,-.211,-.97,.188,.153,.188,.181,.965);es="Linear";ed="In";};["HeadN"]={cf=cfr(0,0,0,.88,.244,.407,-.164,.961,-.221,-.445,.127,.886);es="Linear";ed="In";};["ScopeN"]={cf=cfr(0,0,0,1,0,0,0,1,0,0,0,1);es="Linear";ed="In";};["MouthN"]={cf=cfr(0,0,0,.981,0,.193,0,1,0,-.193,0,.981);es="Linear";ed="In";};["LShoulderN"]={cf=cfr(0,0,0,.997,-.067,.037,.066,.997,.035,-.039,-.032,.999);es="Linear";ed="In";};["LShoulderJ"]={cf=cfr(0,0,0,.373,-.849,-.375,.795,.501,-.342,.478,-.171,.861);es="Linear";ed="In";};["LArmJ"]={cf=cfr(0,0,0,-.067,-.998,.005,.998,-.067,.004,-.004,.005,1);es="Linear";ed="In";};["LHandN"]={cf=cfr(-.009,-.001,-.002,.735,-.259,-.627,.29,.955,-.055,.613,-.142,.777);es="Linear";ed="In";};["L3rdNa"]={cf=cfr(0,0,0,1,-.003,-.002,0,.5,-.866,.003,.866,.5);es="Linear";ed="In";};["L3rdNb"]={cf=cfr(0,0,0,1,-.002,-.002,0,.5,-.866,.003,.866,.5);es="Linear";ed="In";};["LThumbNa"]={cf=cfr(0,0,0,.971,.237,-.002,-.223,.913,-.342,-.08,.333,.94);es="Linear";ed="In";};["LThumbNb"]={cf=cfr(0,0,0,.996,.091,-.002,-.091,.996,0,.002,.001,1);es="Linear";ed="In";};["L2ndNa"]={cf=cfr(0,0,0,1,-.005,0,.002,.5,-.866,.004,.866,.5);es="Linear";ed="In";};["L2ndNb"]={cf=cfr(0,0,0,1,-.002,-.002,0,.5,-.866,.003,.866,.5);es="Linear";ed="In";};["L1stNa"]={cf=cfr(0,0,0,1,-.003,-.002,0,.5,-.866,.003,.866,.5);es="Linear";ed="In";};["L1stNb"]={cf=cfr(0,0,0,1,0,-.003,-.003,.5,-.866,.002,.866,.5);es="Linear";ed="In";};["LHandNb"]={cf=cfr(0,.001,0,1,.022,-.021,-.027,.951,-.309,.013,.31,.951);es="Linear";ed="In";};["L4thNa"]={cf=cfr(0,0,0,1,-.003,-.002,0,.5,-.866,.003,.866,.5);es="Linear";ed="In";};["L4thNb"]={cf=cfr(0,0,0,1,0,-.003,-.003,.5,-.866,.002,.866,.5);es="Linear";ed="In";};["LASabN"]={cf=cfr(.01,.608,-.002,.786,.406,.466,-.32,.912,-.255,-.529,.051,.847);es="Linear";ed="In";};["LSSabN"]={cf=cfr(0,0,0,.823,0,.568,-.001,1,.001,-.568,-.001,.823);es="Linear";ed="In";};["BackN"]={cf=cfr(0,0,0,1,0,0,0,1,0,0,0,1);es="Linear";ed="In";};["ReflectorN"]={cf=cfr(0,0,0,1,0,0,0,1,0,0,0,1);es="Linear";ed="In";};["TailNa"]={cf=cfr(0,-.327,-.144,.973,.23,.035,-.2,.75,.63,.119,-.62,.776);es="Linear";ed="In";};["TailNb"]={cf=cfr(0,.288,.212,.953,-.234,-.191,.266,.95,.162,.144,-.206,.968);es="Linear";ed="In";};["TailNc"]={cf=cfr(0,0,0,.953,-.229,-.2,.204,.969,-.137,.225,.09,.97);es="Linear";ed="In";};["LSSabN_end"]={cf=cfr(2.845,-3.316,.749,-.335,.872,-.357,-.665,.049,.745,.667,.487,.563);es="Linear";ed="In";};["FaceM_end"]={cf=cfr(0,0,0,1,0,0,0,1,0,0,0,1);es="Linear";ed="In";};["OuchM"]={cf=cfr(0,0,0,1,0,0,0,1,0,0,0,1);es="Linear";ed="In";};["L2ndNb_end"]={cf=cfr(-6.777,-6.543,9.682,-.814,-.283,.507,.567,-.194,.801,-.128,.939,.318);es="Linear";ed="In";};["FacePattern"]={cf=cfr(0,0,0,1,0,0,0,1,0,0,0,1);es="Linear";ed="In";};["EyeYellowM"]={cf=cfr(0,0,0,1,0,0,0,1,0,0,0,1);es="Linear";ed="In";};["LThumbNb_end"]={cf=cfr(-.517,-10.80,4.12,-.997,-.066,.03,.068,-.706,.705,-.026,.706,.708);es="Linear";ed="In";};["ReflectorN_end"]={cf=cfr(-.839,-1.982,1.214,-.069,-.378,-.923,-.274,.897,-.347,.959,.229,-.166);es="Linear";ed="In";};["RHaveN"]={cf=cfr(-4.642,1.412,-3.981,.881,.465,.088,-.467,.884,.004,-.076,-.045,.996);es="Linear";ed="In";};["ThrowN_end"]={cf=cfr(0,0,0,1,0,0,0,1,0,0,0,1);es="Linear";ed="In";};["BlasterM"]={cf=cfr(0,0,0,1,0,0,0,1,0,0,0,1);es="Linear";ed="In";};["R4thNb_end"]={cf=cfr(3.995,2.803,1.583,.996,.075,-.045,.088,-.799,.595,.009,-.597,-.802);es="Linear";ed="In";};["BlinkHalfM"]={cf=cfr(0,0,0,1,0,0,0,1,0,0,0,1);es="Linear";ed="In";};["RSSabN_end"]={cf=cfr(1.89,1.136,1.979,.387,-.831,-.399,.921,.368,.127,.041,-.417,.908);es="Linear";ed="In";};["BackN_end"]={cf=cfr(-2.269,-1.85,.86,-.294,-.346,-.891,.102,.915,-.389,.95,-.205,-.234);es="Linear";ed="In";};["RThumbNb_end"]={cf=cfr(5.341,-2.699,-.498,.922,-.359,.144,.386,.848,-.362,.008,.389,.921);es="Linear";ed="In";};["BlinkM_end"]={cf=cfr(0,0,0,1,0,0,0,1,0,0,0,1);es="Linear";ed="In";};["OuchM_end"]={cf=cfr(0,0,0,1,0,0,0,1,0,0,0,1);es="Linear";ed="In";};["RootNode"]={cf=cfr(0,0,0,-1,0,0,0,1,0,0,0,-1);es="Linear";ed="In";};["LHandNb_end"]={cf=cfr(.123,-10.24,-2.883,.528,-.192,-.827,-.323,-.946,.013,-.785,.26,-.562);es="Linear";ed="In";};["LToeN_end"]={cf=cfr(3.37,-4.351,.791,-.451,.876,-.17,-.888,-.46,-.018,-.094,.142,.985);es="Linear";ed="In";};["R1stNb_end"]={cf=cfr(3.986,-5.004,1.025,.996,.076,-.042,-.073,.994,.076,.047,-.073,.996);es="Linear";ed="In";};["RHaveN_end"]={cf=cfr(0,0,0,1,0,0,0,1,0,0,0,1);es="Linear";ed="In";};["LHaveN_end"]={cf=cfr(0,0,0,1,0,0,0,1,0,0,0,1);es="Linear";ed="In";};["LHaveN"]={cf=cfr(8.566,-1.711,-6.398,-.826,.304,-.475,.491,.802,-.341,.277,-.514,-.812);es="Linear";ed="In";};["FaceM"]={cf=cfr(0,0,0,1,0,0,0,1,0,0,0,1);es="Linear";ed="In";};["ScopeN_end"]={cf=cfr(-.398,.65,2.535,.954,-.163,-.254,.15,.986,-.07,.261,.028,.965);es="Linear";ed="In";};["L1stNb_end"]={cf=cfr(-6.16,-10.46,5.975,-.816,-.283,.504,.558,-.617,.555,.154,.734,.661);es="Linear";ed="In";};["TailNc_end"]={cf=cfr(4.541,3.37,.228,.649,.199,.735,.524,.584,-.62,-.552,.787,.275);es="Linear";ed="In";};["RHandNb_end"]={cf=cfr(-.822,-5.091,4.065,.986,-.126,-.108,.107,.98,-.169,.128,.155,.98);es="Linear";ed="In";};["FitFox00.ao"]={cf=cfr(0,0,0,1,0,0,0,1,0,0,0,1);es="Linear";ed="In";};["RASabN_end"]={cf=cfr(4.455,-2.203,3.347,.883,-.311,-.352,.328,.945,-.012,.336,-.105,.936);es="Linear";ed="In";};["L4thNb_end"]={cf=cfr(-7.999,9.137,2.179,-.812,-.278,.514,-.283,.957,.071,-.511,-.088,-.855);es="Linear";ed="In";};["RToeN_end"]={cf=cfr(-1.69,2.628,.025,-.867,-.499,-.004,.499,-.866,-.017,.005,-.017,1);es="Linear";ed="In";};["R2ndNb_end"]={cf=cfr(3.986,-4.485,2.19,.996,.071,-.061,-.047,.941,.336,.081,-.332,.94);es="Linear";ed="In";};["LASabN_end"]={cf=cfr(-.146,-7.492,-.49,-.803,.556,.213,-.387,-.759,.524,.454,.338,.824);es="Linear";ed="In";};["ThrowN"]={cf=cfr(-.282,0,0,1,0,0,0,1,0,0,0,1);es="Linear";ed="In";};["BlasterM_end"]={cf=cfr(0,0,0,1,0,0,0,1,0,0,0,1);es="Linear";ed="In";};["MouthN_end"]={cf=cfr(-.007,.638,-2.134,.939,.151,-.309,-.187,.978,-.09,.288,.142,.947);es="Linear";ed="In";};};{tm=.085;["BlinkM"]={cf=cfr(0,0,0,1,0,0,0,1,0,0,0,1);es="Linear";ed="In";};["BlinkHalfM_end"]={cf=cfr(0,0,0,1,0,0,0,1,0,0,0,1);es="Linear";ed="In";};["R3rdNb_end"]={cf=cfr(3.984,1.774,3.039,.996,.076,-.04,.073,-.49,.869,.047,-.869,-.493);es="Linear";ed="In";};["EyeYellowM_end"]={cf=cfr(0,0,0,1,0,0,0,1,0,0,0,1);es="Linear";ed="In";};["L3rdNb_end"]={cf=cfr(-7.332,5.698,8.755,-.812,-.277,.514,.124,.779,.615,-.571,.563,-.598);es="Linear";ed="In";};["FitFox00.mo"]={cf=cfr(0,0,0,1,0,0,0,1,0,0,0,1);es="Linear";ed="In";};["TopN"]={cf=cfr(0,0,0,1,0,0,0,1,0,0,0,1);es="Linear";ed="In";};["TransN"]={cf=cfr(0,0,0,1,0,0,0,1,0,0,0,1);es="Linear";ed="In";};["XRotN"]={cf=cfr(.282,0,0,1,0,0,0,1,0,0,0,1);es="Linear";ed="In";};["YRotN"]={cf=cfr(0,0,0,1,0,0,0,1,0,0,0,1);es="Linear";ed="In";};["HipN"]={cf=cfr(.789,.177,1.758,.479,-.631,-.611,.868,.444,.221,.132,-.636,.76);es="Linear";ed="In";};["LLegJ"]={cf=cfr(0,0,0,-.537,-.657,-.529,-.08,.664,-.743,.839,-.357,-.41);es="Linear";ed="In";};["LKneeJ"]={cf=cfr(-.001,-.001,0,.247,-.23,.941,.067,.973,.22,-.967,.008,.256);es="Linear";ed="In";};["LFootJ"]={cf=cfr(-.052,-.01,.008,.982,.019,.185,-.002,.996,-.089,-.186,.087,.979);es="Linear";ed="In";};["LToeN"]={cf=cfr(0,0,0,1,0,0,0,1,0,0,0,1);es="Linear";ed="In";};["RLegJ"]={cf=cfr(0,0,0,-.114,.858,-.5,-.395,.423,.816,.912,.291,.29);es="Linear";ed="In";};["RKneeJ"]={cf=cfr(.001,0,0,.403,-.078,.912,.123,.992,.031,-.907,.1,.409);es="Linear";ed="In";};["RFootJ"]={cf=cfr(.046,-.008,-.006,.333,-.181,.925,-.015,.98,.197,-.943,-.08,.324);es="Linear";ed="In";};["RToeN"]={cf=cfr(0,0,0,1,0,0,0,1,0,0,0,1);es="Linear";ed="In";};["WaistN"]={cf=cfr(0,0,0,.674,-.737,-.049,.707,.664,-.245,.213,.131,.968);es="Linear";ed="In";};["BustN"]={cf=cfr(0,0,0,.607,-.705,.368,.784,.606,-.132,-.13,.369,.92);es="Linear";ed="In";};["RShoulderN"]={cf=cfr(0,0,0,1,-.012,.022,.009,.992,.125,-.023,-.125,.992);es="Linear";ed="In";};["RShoulderJ"]={cf=cfr(0,0,0,.651,.589,-.479,-.648,.76,.054,.396,.276,.876);es="Linear";ed="In";};["RArmJ"]={cf=cfr(0,0,0,.598,-.801,.003,.801,.598,-.001,-.001,.003,1);es="Linear";ed="In";};["RHandN"]={cf=cfr(.011,.002,.003,.76,.204,-.618,-.255,.967,.006,.598,.153,.787);es="Linear";ed="In";};["RThumbNa"]={cf=cfr(0,0,0,.782,.068,.62,.255,.872,-.418,-.569,.484,.665);es="Linear";ed="In";};["RThumbNb"]={cf=cfr(0,0,0,.903,.068,-.424,-.11,.991,-.074,.416,.114,.902);es="Linear";ed="In";};["R3rdNa"]={cf=cfr(0,0,0,1,.003,.004,.003,.313,-.95,-.004,.95,.313);es="Linear";ed="In";};["R3rdNb"]={cf=cfr(0,0,0,1,.003,.004,.003,.381,-.925,-.004,.925,.381);es="Linear";ed="In";};["R2ndNa"]={cf=cfr(0,0,0,1,.003,.004,.002,.43,-.903,-.004,.903,.43);es="Linear";ed="In";};["R2ndNb"]={cf=cfr(0,0,0,1,.003,.004,.003,.381,-.925,-.004,.925,.381);es="Linear";ed="In";};["R1stNa"]={cf=cfr(0,0,0,1,.002,.004,.002,.54,-.841,-.004,.841,.54);es="Linear";ed="In";};["R1stNb"]={cf=cfr(0,0,0,1,.003,.004,.003,.381,-.925,-.004,.925,.381);es="Linear";ed="In";};["R4thNa"]={cf=cfr(0,0,0,1,.004,.004,.003,.209,-.978,-.005,.978,.209);es="Linear";ed="In";};["R4thNb"]={cf=cfr(0,0,0,1,.003,.004,.003,.381,-.925,-.004,.925,.381);es="Linear";ed="In";};["RHandNb"]={cf=cfr(-.001,-.001,-.016,.988,-.15,.021,.143,.97,.196,-.05,-.191,.98);es="Linear";ed="In";};["RASabN"]={cf=cfr(.127,-.313,.001,.871,.115,.477,-.087,.993,-.081,-.483,.029,.875);es="Linear";ed="In";};["RSSabN"]={cf=cfr(0,0,0,.87,-.001,.494,-.001,1,.005,-.494,-.005,.87);es="Linear";ed="In";};["NeckN"]={cf=cfr(0,0,0,.067,.845,-.531,-.596,.461,.658,.8,.272,.534);es="Linear";ed="In";};["HeadN"]={cf=cfr(0,0,0,.571,.189,.799,-.11,.982,-.154,-.814,0,.581);es="Linear";ed="In";};["ScopeN"]={cf=cfr(0,0,0,1,0,0,0,1,0,0,0,1);es="Linear";ed="In";};["MouthN"]={cf=cfr(0,0,0,.978,0,.207,0,1,0,-.207,0,.978);es="Linear";ed="In";};["LShoulderN"]={cf=cfr(0,0,0,1,-.012,.014,.011,.997,.078,-.015,-.078,.997);es="Linear";ed="In";};["LShoulderJ"]={cf=cfr(0,0,0,.271,-.927,-.261,.962,.27,.04,.033,-.262,.965);es="Linear";ed="In";};["LArmJ"]={cf=cfr(0,0,0,-.049,-.999,.006,.999,-.049,.005,-.004,.007,1);es="Linear";ed="In";};["LHandN"]={cf=cfr(-.009,-.001,-.002,.92,.089,-.382,-.103,.995,-.014,.379,.053,.924);es="Linear";ed="In";};["L3rdNa"]={cf=cfr(0,0,0,1,.007,-.007,-.009,.805,-.593,.002,.593,.805);es="Linear";ed="In";};["L3rdNb"]={cf=cfr(0,0,0,1,-.002,-.002,.001,.836,-.548,.003,.548,.836);es="Linear";ed="In";};["LThumbNa"]={cf=cfr(0,0,0,.971,.237,-.002,-.223,.913,-.343,-.08,.333,.939);es="Linear";ed="In";};["LThumbNb"]={cf=cfr(0,0,0,.996,.091,-.002,-.091,.996,0,.002,.001,1);es="Linear";ed="In";};["L2ndNa"]={cf=cfr(0,0,0,1,-.007,.002,.007,.858,-.514,.002,.514,.858);es="Linear";ed="In";};["L2ndNb"]={cf=cfr(0,0,0,1,-.002,-.002,.001,.836,-.548,.003,.548,.836);es="Linear";ed="In";};["L1stNa"]={cf=cfr(0,0,0,1,-.024,.01,.026,.902,-.431,.001,.431,.902);es="Linear";ed="In";};["L1stNb"]={cf=cfr(0,0,0,1,0,-.003,-.002,.836,-.548,.003,.548,.836);es="Linear";ed="In";};["LHandNb"]={cf=cfr(-.002,.001,-.01,.997,-.07,.013,.068,.994,.09,-.019,-.089,.996);es="Linear";ed="In";};["L4thNa"]={cf=cfr(0,0,0,.999,.023,-.023,-.032,.754,-.656,.002,.656,.755);es="Linear";ed="In";};["L4thNb"]={cf=cfr(0,0,0,1,0,-.003,-.002,.836,-.548,.003,.548,.836);es="Linear";ed="In";};["LASabN"]={cf=cfr(.005,.603,-.002,.888,.42,.188,-.412,.908,-.083,-.206,-.004,.979);es="Linear";ed="In";};["LSSabN"]={cf=cfr(0,0,0,.975,0,.22,-.001,1,.002,-.22,-.002,.975);es="Linear";ed="In";};["BackN"]={cf=cfr(0,0,0,1,0,0,0,1,0,0,0,1);es="Linear";ed="In";};["ReflectorN"]={cf=cfr(0,0,0,1,0,0,0,1,0,0,0,1);es="Linear";ed="In";};["TailNa"]={cf=cfr(0,-.327,-.144,.919,.386,.076,-.338,.677,.654,.201,-.627,.753);es="Linear";ed="In";};["TailNb"]={cf=cfr(0,.288,.212,.87,-.414,-.268,.435,.9,.021,.233,-.135,.963);es="Linear";ed="In";};["TailNc"]={cf=cfr(0,0,0,.861,-.404,-.308,.419,.908,-.018,.287,-.114,.951);es="Linear";ed="In";};["LSSabN_end"]={cf=cfr(2.845,-3.316,.749,-.335,.872,-.357,-.665,.049,.745,.667,.487,.563);es="Linear";ed="In";};["FaceM_end"]={cf=cfr(0,0,0,1,0,0,0,1,0,0,0,1);es="Linear";ed="In";};["OuchM"]={cf=cfr(0,0,0,1,0,0,0,1,0,0,0,1);es="Linear";ed="In";};["L2ndNb_end"]={cf=cfr(-6.777,-6.543,9.682,-.814,-.283,.507,.567,-.194,.801,-.128,.939,.318);es="Linear";ed="In";};["FacePattern"]={cf=cfr(0,0,0,1,0,0,0,1,0,0,0,1);es="Linear";ed="In";};["EyeYellowM"]={cf=cfr(0,0,0,1,0,0,0,1,0,0,0,1);es="Linear";ed="In";};["LThumbNb_end"]={cf=cfr(-.517,-10.80,4.12,-.997,-.066,.03,.068,-.706,.705,-.026,.706,.708);es="Linear";ed="In";};["ReflectorN_end"]={cf=cfr(-.839,-1.982,1.214,-.069,-.378,-.923,-.274,.897,-.347,.959,.229,-.166);es="Linear";ed="In";};["RHaveN"]={cf=cfr(-4.642,1.412,-3.981,.881,.465,.088,-.467,.884,.004,-.076,-.045,.996);es="Linear";ed="In";};["ThrowN_end"]={cf=cfr(0,0,0,1,0,0,0,1,0,0,0,1);es="Linear";ed="In";};["BlasterM"]={cf=cfr(0,0,0,1,0,0,0,1,0,0,0,1);es="Linear";ed="In";};["R4thNb_end"]={cf=cfr(3.995,2.803,1.583,.996,.075,-.045,.088,-.799,.595,.009,-.597,-.802);es="Linear";ed="In";};["BlinkHalfM"]={cf=cfr(0,0,0,1,0,0,0,1,0,0,0,1);es="Linear";ed="In";};["RSSabN_end"]={cf=cfr(1.89,1.136,1.979,.387,-.831,-.399,.921,.368,.127,.041,-.417,.908);es="Linear";ed="In";};["BackN_end"]={cf=cfr(-2.269,-1.85,.86,-.294,-.346,-.891,.102,.915,-.389,.95,-.205,-.234);es="Linear";ed="In";};["RThumbNb_end"]={cf=cfr(5.341,-2.699,-.498,.922,-.359,.144,.386,.848,-.362,.008,.389,.921);es="Linear";ed="In";};["BlinkM_end"]={cf=cfr(0,0,0,1,0,0,0,1,0,0,0,1);es="Linear";ed="In";};["OuchM_end"]={cf=cfr(0,0,0,1,0,0,0,1,0,0,0,1);es="Linear";ed="In";};["RootNode"]={cf=cfr(0,0,0,-1,0,0,0,1,0,0,0,-1);es="Linear";ed="In";};["LHandNb_end"]={cf=cfr(.123,-10.24,-2.883,.528,-.192,-.827,-.323,-.946,.013,-.785,.26,-.562);es="Linear";ed="In";};["LToeN_end"]={cf=cfr(3.37,-4.351,.791,-.451,.876,-.17,-.888,-.46,-.018,-.094,.142,.985);es="Linear";ed="In";};["R1stNb_end"]={cf=cfr(3.986,-5.004,1.025,.996,.076,-.042,-.073,.994,.076,.047,-.073,.996);es="Linear";ed="In";};["RHaveN_end"]={cf=cfr(0,0,0,1,0,0,0,1,0,0,0,1);es="Linear";ed="In";};["LHaveN_end"]={cf=cfr(0,0,0,1,0,0,0,1,0,0,0,1);es="Linear";ed="In";};["LHaveN"]={cf=cfr(8.566,-1.711,-6.398,-.826,.304,-.475,.491,.802,-.341,.277,-.514,-.812);es="Linear";ed="In";};["FaceM"]={cf=cfr(0,0,0,1,0,0,0,1,0,0,0,1);es="Linear";ed="In";};["ScopeN_end"]={cf=cfr(-.398,.65,2.535,.954,-.163,-.254,.15,.986,-.07,.261,.028,.965);es="Linear";ed="In";};["L1stNb_end"]={cf=cfr(-6.16,-10.46,5.975,-.816,-.283,.504,.558,-.617,.555,.154,.734,.661);es="Linear";ed="In";};["TailNc_end"]={cf=cfr(4.541,3.37,.228,.649,.199,.735,.524,.584,-.62,-.552,.787,.275);es="Linear";ed="In";};["RHandNb_end"]={cf=cfr(-.822,-5.091,4.065,.986,-.126,-.108,.107,.98,-.169,.128,.155,.98);es="Linear";ed="In";};["FitFox00.ao"]={cf=cfr(0,0,0,1,0,0,0,1,0,0,0,1);es="Linear";ed="In";};["RASabN_end"]={cf=cfr(4.455,-2.203,3.347,.883,-.311,-.352,.328,.945,-.012,.336,-.105,.936);es="Linear";ed="In";};["L4thNb_end"]={cf=cfr(-7.999,9.137,2.179,-.812,-.278,.514,-.283,.957,.071,-.511,-.088,-.855);es="Linear";ed="In";};["RToeN_end"]={cf=cfr(-1.69,2.628,.025,-.867,-.499,-.004,.499,-.866,-.017,.005,-.017,1);es="Linear";ed="In";};["R2ndNb_end"]={cf=cfr(3.986,-4.485,2.19,.996,.071,-.061,-.047,.941,.336,.081,-.332,.94);es="Linear";ed="In";};["LASabN_end"]={cf=cfr(-.146,-7.492,-.49,-.803,.556,.213,-.387,-.759,.524,.454,.338,.824);es="Linear";ed="In";};["ThrowN"]={cf=cfr(-.282,0,0,1,0,0,0,1,0,0,0,1);es="Linear";ed="In";};["BlasterM_end"]={cf=cfr(0,0,0,1,0,0,0,1,0,0,0,1);es="Linear";ed="In";};["MouthN_end"]={cf=cfr(-.007,.638,-2.134,.939,.151,-.309,-.187,.978,-.09,.288,.142,.947);es="Linear";ed="In";};};{tm=.127;["BlinkM"]={cf=cfr(0,0,0,1,0,0,0,1,0,0,0,1);es="Linear";ed="In";};["BlinkHalfM_end"]={cf=cfr(0,0,0,1,0,0,0,1,0,0,0,1);es="Linear";ed="In";};["R3rdNb_end"]={cf=cfr(3.984,1.774,3.039,.996,.076,-.04,.073,-.49,.869,.047,-.869,-.493);es="Linear";ed="In";};["EyeYellowM_end"]={cf=cfr(0,0,0,1,0,0,0,1,0,0,0,1);es="Linear";ed="In";};["L3rdNb_end"]={cf=cfr(-7.332,5.698,8.755,-.812,-.277,.514,.124,.779,.615,-.571,.563,-.598);es="Linear";ed="In";};["FitFox00.mo"]={cf=cfr(0,0,0,1,0,0,0,1,0,0,0,1);es="Linear";ed="In";};["TopN"]={cf=cfr(0,0,0,1,0,0,0,1,0,0,0,1);es="Linear";ed="In";};["TransN"]={cf=cfr(0,0,0,1,0,0,0,1,0,0,0,1);es="Linear";ed="In";};["XRotN"]={cf=cfr(.282,0,0,1,0,0,0,1,0,0,0,1);es="Linear";ed="In";};["YRotN"]={cf=cfr(0,0,0,1,0,0,0,1,0,0,0,1);es="Linear";ed="In";};["HipN"]={cf=cfr(.259,-.19,2.156,.249,-.732,-.635,.961,.268,.068,.121,-.627,.77);es="Linear";ed="In";};["LLegJ"]={cf=cfr(0,0,0,.926,-.361,-.116,.342,.667,.662,-.162,-.652,.74);es="Linear";ed="In";};["LKneeJ"]={cf=cfr(-.001,-.001,0,.978,.05,-.203,-.051,.999,.003,.203,.007,.979);es="Linear";ed="In";};["LFootJ"]={cf=cfr(-.052,-.01,.008,.686,.058,.725,-.083,.997,0,-.723,-.06,.688);es="Linear";ed="In";};["LToeN"]={cf=cfr(0,0,0,1,0,0,0,1,0,0,0,1);es="Linear";ed="In";};["RLegJ"]={cf=cfr(0,0,0,-.484,.194,-.854,-.442,.788,.429,.756,.585,-.295);es="Linear";ed="In";};["RKneeJ"]={cf=cfr(.001,0,0,-.604,.012,.797,.016,1,-.002,-.797,.012,-.604);es="Linear";ed="In";};["RFootJ"]={cf=cfr(.046,-.008,-.006,.843,-.005,.538,.103,.983,-.151,-.529,.182,.829);es="Linear";ed="In";};["RToeN"]={cf=cfr(0,0,0,1,0,0,0,1,0,0,0,1);es="Linear";ed="In";};["WaistN"]={cf=cfr(0,0,0,.888,-.441,-.127,.364,.845,-.393,.281,.303,.911);es="Linear";ed="In";};["BustN"]={cf=cfr(0,0,0,.607,-.464,.645,.686,.716,-.131,-.401,.522,.753);es="Linear";ed="In";};["RShoulderN"]={cf=cfr(0,0,0,.997,-.045,.061,.019,.927,.375,-.074,-.372,.925);es="Linear";ed="In";};["RShoulderJ"]={cf=cfr(0,0,0,.686,-.043,-.727,-.201,.948,-.245,.7,.314,.642);es="Linear";ed="In";};["RArmJ"]={cf=cfr(0,0,0,.598,-.801,.002,.801,.598,-.001,-.001,.002,1);es="Linear";ed="In";};["RHandN"]={cf=cfr(.011,.002,.003,.943,-.058,-.327,.046,.998,-.044,.329,.026,.944);es="Linear";ed="In";};["RThumbNa"]={cf=cfr(0,0,0,.782,.068,.62,.255,.872,-.418,-.569,.484,.665);es="Linear";ed="In";};["RThumbNb"]={cf=cfr(0,0,0,.903,.068,-.424,-.11,.991,-.074,.416,.114,.902);es="Linear";ed="In";};["R3rdNa"]={cf=cfr(0,0,0,1,.003,.004,.003,.313,-.95,-.004,.95,.313);es="Linear";ed="In";};["R3rdNb"]={cf=cfr(0,0,0,1,.003,.004,.003,.381,-.925,-.004,.925,.381);es="Linear";ed="In";};["R2ndNa"]={cf=cfr(0,0,0,1,.003,.004,.002,.43,-.903,-.004,.903,.43);es="Linear";ed="In";};["R2ndNb"]={cf=cfr(0,0,0,1,.003,.004,.003,.381,-.925,-.004,.925,.381);es="Linear";ed="In";};["R1stNa"]={cf=cfr(0,0,0,1,.002,.004,.002,.54,-.841,-.004,.841,.54);es="Linear";ed="In";};["R1stNb"]={cf=cfr(0,0,0,1,.003,.004,.003,.381,-.925,-.004,.925,.381);es="Linear";ed="In";};["R4thNa"]={cf=cfr(0,0,0,1,.004,.004,.003,.209,-.978,-.005,.978,.209);es="Linear";ed="In";};["R4thNb"]={cf=cfr(0,0,0,1,.003,.004,.003,.381,-.925,-.004,.925,.381);es="Linear";ed="In";};["RHandNb"]={cf=cfr(-.001,-.001,-.014,1,.007,-.004,-.007,.999,-.053,.004,.053,.999);es="Linear";ed="In";};["RASabN"]={cf=cfr(.127,-.316,.001,.708,.109,.698,-.011,.99,-.143,-.706,.094,.702);es="Linear";ed="In";};["RSSabN"]={cf=cfr(0,0,0,.68,-.001,.734,-.002,1,.004,-.734,-.005,.68);es="Linear";ed="In";};["NeckN"]={cf=cfr(0,0,0,-.09,.937,-.337,-.287,.299,.91,.954,.178,.243);es="Linear";ed="In";};["HeadN"]={cf=cfr(0,0,0,.254,.134,.958,-.044,.991,-.127,-.966,-.009,.258);es="Linear";ed="In";};["ScopeN"]={cf=cfr(0,0,0,1,0,0,0,1,0,0,0,1);es="Linear";ed="In";};["MouthN"]={cf=cfr(0,0,0,.975,0,.221,0,1,0,-.221,0,.975);es="Linear";ed="In";};["LShoulderN"]={cf=cfr(0,0,0,.849,.488,-.203,-.422,.858,.294,.318,-.164,.934);es="Linear";ed="In";};["LShoulderJ"]={cf=cfr(0,0,0,.83,.377,.41,-.078,.807,-.585,-.552,.454,.699);es="Linear";ed="In";};["LArmJ"]={cf=cfr(0,0,0,.98,.199,.003,-.199,.98,-.009,-.005,.008,1);es="Linear";ed="In";};["LHandN"]={cf=cfr(-.009,-.001,-.002,.823,-.443,-.356,.55,.778,.303,.143,-.446,.884);es="Linear";ed="In";};["L3rdNa"]={cf=cfr(0,0,0,.992,.103,.078,-.123,.937,.327,-.04,-.334,.942);es="Linear";ed="In";};["L3rdNb"]={cf=cfr(0,0,0,1,-.002,-.002,.003,.99,.144,.001,-.144,.99);es="Linear";ed="In";};["LThumbNa"]={cf=cfr(0,0,0,.999,.031,-.024,-.037,.939,-.342,.012,.343,.939);es="Linear";ed="In";};["LThumbNb"]={cf=cfr(0,0,0,.917,-.398,-.002,.398,.917,-.001,.002,.001,1);es="Linear";ed="In";};["L2ndNa"]={cf=cfr(0,0,0,.999,-.03,-.015,.033,.945,.326,.005,-.327,.945);es="Linear";ed="In";};["L2ndNb"]={cf=cfr(0,0,0,1,-.002,-.002,.002,.999,-.038,.002,.038,.999);es="Linear";ed="In";};["L1stNa"]={cf=cfr(0,0,0,.966,-.255,-.037,.254,.917,.308,-.045,-.307,.951);es="Linear";ed="In";};["L1stNb"]={cf=cfr(0,0,0,1,0,-.003,0,.999,-.038,.003,.038,.999);es="Linear";ed="In";};["LHandNb"]={cf=cfr(.005,0,.019,.974,-.222,.046,.204,.767,-.608,.1,.601,.793);es="Linear";ed="In";};["L4thNa"]={cf=cfr(0,0,0,.95,.212,.23,-.292,.864,.41,-.112,-.456,.883);es="Linear";ed="In";};["L4thNb"]={cf=cfr(0,0,0,1,0,-.003,0,.997,.071,.003,-.071,.997);es="Linear";ed="In";};["LASabN"]={cf=cfr(.036,-.052,-.002,.837,-.104,-.537,.114,.993,-.015,.535,-.049,.843);es="Linear";ed="In";};["LSSabN"]={cf=cfr(0,0,0,.847,0,-.531,0,1,0,.531,0,.847);es="Linear";ed="In";};["BackN"]={cf=cfr(0,0,0,1,0,0,0,1,0,0,0,1);es="Linear";ed="In";};["ReflectorN"]={cf=cfr(0,0,0,1,0,0,0,1,0,0,0,1);es="Linear";ed="In";};["TailNa"]={cf=cfr(0,-.327,-.144,.828,.549,.115,-.486,.598,.637,.281,-.583,.762);es="Linear";ed="In";};["TailNb"]={cf=cfr(0,.288,.212,.823,-.448,-.349,.444,.891,-.097,.354,-.075,.932);es="Linear";ed="In";};["TailNc"]={cf=cfr(0,0,0,.83,-.425,-.362,.463,.886,.021,.312,-.185,.932);es="Linear";ed="In";};["LSSabN_end"]={cf=cfr(2.845,-3.316,.749,-.335,.872,-.357,-.665,.049,.745,.667,.487,.563);es="Linear";ed="In";};["FaceM_end"]={cf=cfr(0,0,0,1,0,0,0,1,0,0,0,1);es="Linear";ed="In";};["OuchM"]={cf=cfr(0,0,0,1,0,0,0,1,0,0,0,1);es="Linear";ed="In";};["L2ndNb_end"]={cf=cfr(-6.777,-6.543,9.682,-.814,-.283,.507,.567,-.194,.801,-.128,.939,.318);es="Linear";ed="In";};["FacePattern"]={cf=cfr(0,0,0,1,0,0,0,1,0,0,0,1);es="Linear";ed="In";};["EyeYellowM"]={cf=cfr(0,0,0,1,0,0,0,1,0,0,0,1);es="Linear";ed="In";};["LThumbNb_end"]={cf=cfr(-.517,-10.80,4.12,-.997,-.066,.03,.068,-.706,.705,-.026,.706,.708);es="Linear";ed="In";};["ReflectorN_end"]={cf=cfr(-.839,-1.982,1.214,-.069,-.378,-.923,-.274,.897,-.347,.959,.229,-.166);es="Linear";ed="In";};["RHaveN"]={cf=cfr(-4.642,1.412,-3.981,.881,.465,.088,-.467,.884,.004,-.076,-.045,.996);es="Linear";ed="In";};["ThrowN_end"]={cf=cfr(0,0,0,1,0,0,0,1,0,0,0,1);es="Linear";ed="In";};["BlasterM"]={cf=cfr(0,0,0,1,0,0,0,1,0,0,0,1);es="Linear";ed="In";};["R4thNb_end"]={cf=cfr(3.995,2.803,1.583,.996,.075,-.045,.088,-.799,.595,.009,-.597,-.802);es="Linear";ed="In";};["BlinkHalfM"]={cf=cfr(0,0,0,1,0,0,0,1,0,0,0,1);es="Linear";ed="In";};["RSSabN_end"]={cf=cfr(1.89,1.136,1.979,.387,-.831,-.399,.921,.368,.127,.041,-.417,.908);es="Linear";ed="In";};["BackN_end"]={cf=cfr(-2.269,-1.85,.86,-.294,-.346,-.891,.102,.915,-.389,.95,-.205,-.234);es="Linear";ed="In";};["RThumbNb_end"]={cf=cfr(5.341,-2.699,-.498,.922,-.359,.144,.386,.848,-.362,.008,.389,.921);es="Linear";ed="In";};["BlinkM_end"]={cf=cfr(0,0,0,1,0,0,0,1,0,0,0,1);es="Linear";ed="In";};["OuchM_end"]={cf=cfr(0,0,0,1,0,0,0,1,0,0,0,1);es="Linear";ed="In";};["RootNode"]={cf=cfr(0,0,0,-1,0,0,0,1,0,0,0,-1);es="Linear";ed="In";};["LHandNb_end"]={cf=cfr(.123,-10.24,-2.883,.528,-.192,-.827,-.323,-.946,.013,-.785,.26,-.562);es="Linear";ed="In";};["LToeN_end"]={cf=cfr(3.37,-4.351,.791,-.451,.876,-.17,-.888,-.46,-.018,-.094,.142,.985);es="Linear";ed="In";};["R1stNb_end"]={cf=cfr(3.986,-5.004,1.025,.996,.076,-.042,-.073,.994,.076,.047,-.073,.996);es="Linear";ed="In";};["RHaveN_end"]={cf=cfr(0,0,0,1,0,0,0,1,0,0,0,1);es="Linear";ed="In";};["LHaveN_end"]={cf=cfr(0,0,0,1,0,0,0,1,0,0,0,1);es="Linear";ed="In";};["LHaveN"]={cf=cfr(8.566,-1.711,-6.398,-.826,.304,-.475,.491,.802,-.341,.277,-.514,-.812);es="Linear";ed="In";};["FaceM"]={cf=cfr(0,0,0,1,0,0,0,1,0,0,0,1);es="Linear";ed="In";};["ScopeN_end"]={cf=cfr(-.398,.65,2.535,.954,-.163,-.254,.15,.986,-.07,.261,.028,.965);es="Linear";ed="In";};["L1stNb_end"]={cf=cfr(-6.16,-10.46,5.975,-.816,-.283,.504,.558,-.617,.555,.154,.734,.661);es="Linear";ed="In";};["TailNc_end"]={cf=cfr(4.541,3.37,.228,.649,.199,.735,.524,.584,-.62,-.552,.787,.275);es="Linear";ed="In";};["RHandNb_end"]={cf=cfr(-.822,-5.091,4.065,.986,-.126,-.108,.107,.98,-.169,.128,.155,.98);es="Linear";ed="In";};["FitFox00.ao"]={cf=cfr(0,0,0,1,0,0,0,1,0,0,0,1);es="Linear";ed="In";};["RASabN_end"]={cf=cfr(4.455,-2.203,3.347,.883,-.311,-.352,.328,.945,-.012,.336,-.105,.936);es="Linear";ed="In";};["L4thNb_end"]={cf=cfr(-7.999,9.137,2.179,-.812,-.278,.514,-.283,.957,.071,-.511,-.088,-.855);es="Linear";ed="In";};["RToeN_end"]={cf=cfr(-1.69,2.628,.025,-.867,-.499,-.004,.499,-.866,-.017,.005,-.017,1);es="Linear";ed="In";};["R2ndNb_end"]={cf=cfr(3.986,-4.485,2.19,.996,.071,-.061,-.047,.941,.336,.081,-.332,.94);es="Linear";ed="In";};["LASabN_end"]={cf=cfr(-.146,-7.492,-.49,-.803,.556,.213,-.387,-.759,.524,.454,.338,.824);es="Linear";ed="In";};["ThrowN"]={cf=cfr(-.282,0,0,1,0,0,0,1,0,0,0,1);es="Linear";ed="In";};["BlasterM_end"]={cf=cfr(0,0,0,1,0,0,0,1,0,0,0,1);es="Linear";ed="In";};["MouthN_end"]={cf=cfr(-.007,.638,-2.134,.939,.151,-.309,-.187,.978,-.09,.288,.142,.947);es="Linear";ed="In";};};{tm=.17;["BlinkM"]={cf=cfr(0,0,0,1,0,0,0,1,0,0,0,1);es="Linear";ed="In";};["BlinkHalfM_end"]={cf=cfr(0,0,0,1,0,0,0,1,0,0,0,1);es="Linear";ed="In";};["R3rdNb_end"]={cf=cfr(3.984,1.774,3.039,.996,.076,-.04,.073,-.49,.869,.047,-.869,-.493);es="Linear";ed="In";};["EyeYellowM_end"]={cf=cfr(0,0,0,1,0,0,0,1,0,0,0,1);es="Linear";ed="In";};["L3rdNb_end"]={cf=cfr(-7.332,5.698,8.755,-.812,-.277,.514,.124,.779,.615,-.571,.563,-.598);es="Linear";ed="In";};["FitFox00.mo"]={cf=cfr(0,0,0,1,0,0,0,1,0,0,0,1);es="Linear";ed="In";};["TopN"]={cf=cfr(0,0,0,1,0,0,0,1,0,0,0,1);es="Linear";ed="In";};["TransN"]={cf=cfr(0,0,0,1,0,0,0,1,0,0,0,1);es="Linear";ed="In";};["XRotN"]={cf=cfr(.282,0,0,1,0,0,0,1,0,0,0,1);es="Linear";ed="In";};["YRotN"]={cf=cfr(0,0,0,1,0,0,0,1,0,0,0,1);es="Linear";ed="In";};["HipN"]={cf=cfr(.219,-.19,2.155,.249,-.739,-.626,.961,.268,.066,.12,-.618,.777);es="Linear";ed="In";};["LLegJ"]={cf=cfr(0,0,0,.929,-.357,-.1,.326,.662,.675,-.175,-.66,.731);es="Linear";ed="In";};["LKneeJ"]={cf=cfr(-.001,-.001,0,.978,.044,-.203,-.044,.999,.004,.203,.005,.979);es="Linear";ed="In";};["LFootJ"]={cf=cfr(-.052,-.01,.008,.694,.061,.718,-.078,.997,-.01,-.716,-.049,.696);es="Linear";ed="In";};["LToeN"]={cf=cfr(0,0,0,1,0,0,0,1,0,0,0,1);es="Linear";ed="In";};["RLegJ"]={cf=cfr(0,0,0,-.484,.194,-.854,-.442,.788,.429,.756,.585,-.295);es="Linear";ed="In";};["RKneeJ"]={cf=cfr(.001,0,0,-.604,.012,.797,.016,1,-.002,-.797,.012,-.604);es="Linear";ed="In";};["RFootJ"]={cf=cfr(.046,-.008,-.006,.843,-.005,.538,.103,.983,-.151,-.529,.182,.829);es="Linear";ed="In";};["RToeN"]={cf=cfr(0,0,0,1,0,0,0,1,0,0,0,1);es="Linear";ed="In";};["WaistN"]={cf=cfr(0,0,0,.898,-.417,-.136,.344,.863,-.37,.272,.286,.919);es="Linear";ed="In";};["BustN"]={cf=cfr(0,0,0,.654,-.401,.642,.643,.741,-.192,-.399,.538,.742);es="Linear";ed="In";};["RShoulderN"]={cf=cfr(0,0,0,.997,-.045,.061,.019,.927,.375,-.074,-.372,.925);es="Linear";ed="In";};["RShoulderJ"]={cf=cfr(0,0,0,.686,-.043,-.727,-.201,.948,-.245,.7,.314,.642);es="Linear";ed="In";};["RArmJ"]=