-- // converted using mech's animoduler
local cfr = CFrame.new

return {{tm=0;["BlinkM"]={cf=cfr(0,0,0,1,0,0,0,1,0,0,0,1);es="Linear";ed="In";};["BlinkHalfM_end"]={cf=cfr(0,0,0,1,0,0,0,1,0,0,0,1);es="Linear";ed="In";};["R3rdNb_end"]={cf=cfr(3.984,1.774,3.039,.996,.076,-.04,.073,-.49,.869,.047,-.869,-.493);es="Linear";ed="In";};["EyeYellowM_end"]={cf=cfr(0,0,0,1,0,0,0,1,0,0,0,1);es="Linear";ed="In";};["L3rdNb_end"]={cf=cfr(-7.332,5.698,8.755,-.812,-.277,.514,.124,.779,.615,-.571,.563,-.598);es="Linear";ed="In";};["FitFox00.mo"]={cf=cfr(0,0,0,1,0,0,0,1,0,0,0,1);es="Linear";ed="In";};["TopN"]={cf=cfr(0,0,0,1,0,0,0,1,0,0,0,1);es="Linear";ed="In";};["TransN"]={cf=cfr(0,0,0,1,0,0,0,1,0,0,0,1);es="Linear";ed="In";};["XRotN"]={cf=cfr(.282,0,0,1,0,0,0,1,0,0,0,1);es="Linear";ed="In";};["YRotN"]={cf=cfr(0,0,0,1,0,0,0,1,0,0,0,1);es="Linear";ed="In";};["HipN"]={cf=cfr(.803,.709,2.965,.245,-.969,.038,.954,.248,.17,-.174,-.005,.985);es="Linear";ed="In";};["LLegJ"]={cf=cfr(0,0,0,-.137,.52,-.843,.172,.851,.497,.976,-.077,-.206);es="Linear";ed="In";};["LKneeJ"]={cf=cfr(0,0,0,-.035,.007,.999,.073,.997,-.004,-.997,.073,-.035);es="Linear";ed="In";};["LFootJ"]={cf=cfr(-.029,-.013,.005,.952,-.156,.265,.149,.988,.046,-.269,-.005,.963);es="Linear";ed="In";};["LToeN"]={cf=cfr(0,0,0,.987,-.003,-.16,.003,1,.002,.16,-.002,.987);es="Linear";ed="In";};["RLegJ"]={cf=cfr(0,0,0,.319,.129,-.939,.3,.926,.229,.899,-.354,.257);es="Linear";ed="In";};["RKneeJ"]={cf=cfr(0,0,0,-.354,.119,.928,-.052,.988,-.146,-.934,-.1,-.343);es="Linear";ed="In";};["RFootJ"]={cf=cfr(.032,-.009,-.004,.904,.07,-.421,-.207,.934,-.29,.373,.35,.859);es="Linear";ed="In";};["RToeN"]={cf=cfr(0,0,0,.903,-.044,-.427,-.047,.978,-.202,.426,.202,.882);es="Linear";ed="In";};["WaistN"]={cf=cfr(0,0,0,.98,-.112,.167,.104,.993,.059,-.172,-.04,.984);es="Linear";ed="In";};["BustN"]={cf=cfr(0,0,0,.951,-.159,.267,.19,.977,-.096,-.245,.141,.959);es="Linear";ed="In";};["RShoulderN"]={cf=cfr(0,0,0,.984,-.169,-.054,.174,.977,.126,.031,-.134,.991);es="Linear";ed="In";};["RShoulderJ"]={cf=cfr(0,0,0,.915,-.106,-.389,-.025,.948,-.318,.403,.301,.864);es="Linear";ed="In";};["RArmJ"]={cf=cfr(0,0,0,.428,-.904,.012,.904,.428,-.002,-.003,.011,1);es="Linear";ed="In";};["RHandN"]={cf=cfr(.005,.001,0,.962,.232,.143,-.257,.947,.194,-.09,-.224,.971);es="Linear";ed="In";};["RThumbNa"]={cf=cfr(0,0,0,.985,-.038,.17,.085,.956,-.279,-.152,.29,.945);es="Linear";ed="In";};["RThumbNb"]={cf=cfr(0,0,0,.878,.428,-.213,-.422,.903,.075,.225,.024,.974);es="Linear";ed="In";};["R2ndNa"]={cf=cfr(0,0,0,1,-.013,.026,.026,.826,-.563,-.014,.564,.826);es="Linear";ed="In";};["R2ndNb"]={cf=cfr(0,0,0,1,.001,.002,0,.768,-.64,-.002,.64,.768);es="Linear";ed="In";};["R1stNa"]={cf=cfr(0,0,0,1,.004,-.001,-.004,.911,-.413,-.001,.413,.911);es="Linear";ed="In";};["R1stNb"]={cf=cfr(0,0,0,1,.001,.002,0,.768,-.64,-.002,.64,.768);es="Linear";ed="In";};["R3rdNa"]={cf=cfr(0,0,0,1,.019,-.025,-.031,.733,-.68,.006,.68,.733);es="Linear";ed="In";};["R3rdNb"]={cf=cfr(0,0,0,1,.001,.002,.002,.115,-.993,-.001,.993,.115);es="Linear";ed="In";};["RHandNb"]={cf=cfr(.022,.006,.02,.973,-.229,.039,.215,.951,.223,-.088,-.208,.974);es="Linear";ed="In";};["R4thNa"]={cf=cfr(0,0,0,.995,.055,-.085,-.1,.655,-.749,.014,.754,.657);es="Linear";ed="In";};["R4thNb"]={cf=cfr(0,0,0,1,.001,.002,.002,-.026,-1,-.001,1,-.026);es="Linear";ed="In";};["RASabN"]={cf=cfr(.105,-.433,.003,.905,.115,.409,-.113,.993,-.029,-.409,-.02,.912);es="Linear";ed="In";};["RSSabN"]={cf=cfr(0,0,0,.912,-.001,.41,-.001,1,.005,-.41,-.005,.912);es="Linear";ed="In";};["NeckN"]={cf=cfr(0,0,0,.734,.54,-.412,-.648,.738,-.187,.203,.404,.892);es="Linear";ed="In";};["HeadN"]={cf=cfr(0,0,0,.808,.562,-.177,-.558,.826,.079,.19,.035,.981);es="Linear";ed="In";};["ScopeN"]={cf=cfr(0,0,0,1,0,0,0,1,0,0,0,1);es="Linear";ed="In";};["MouthN"]={cf=cfr(0,0,0,.997,0,.077,0,1,0,-.077,0,.997);es="Linear";ed="In";};["LShoulderN"]={cf=cfr(0,0,0,.998,-.069,-.013,.07,.997,.027,.011,-.028,1);es="Linear";ed="In";};["LShoulderJ"]={cf=cfr(0,0,0,.768,.504,-.396,-.639,.565,-.522,-.04,.654,.756);es="Linear";ed="In";};["LArmJ"]={cf=cfr(0,0,0,.347,-.938,.003,.938,.347,-.001,0,.003,1);es="Linear";ed="In";};["LHandN"]={cf=cfr(-.006,-.001,-.001,.952,-.175,.251,.228,.953,-.199,-.205,.247,.947);es="Linear";ed="In";};["LThumbNa"]={cf=cfr(0,0,0,.996,.025,.085,.008,.926,-.377,-.088,.376,.922);es="Linear";ed="In";};["LThumbNb"]={cf=cfr(0,0,0,.884,.467,-.018,-.468,.883,-.03,.002,.035,.999);es="Linear";ed="In";};["L3rdNa"]={cf=cfr(0,0,0,1,-.007,.004,.008,.95,-.312,-.002,.312,.95);es="Linear";ed="In";};["L3rdNb"]={cf=cfr(0,0,0,1,-.001,-.001,-.001,.269,-.963,.001,.963,.269);es="Linear";ed="In";};["L2ndNa"]={cf=cfr(0,0,0,1,.003,.001,-.002,.923,-.386,-.002,.386,.923);es="Linear";ed="In";};["L2ndNb"]={cf=cfr(0,0,0,1,-.001,-.001,0,.808,-.59,.001,.59,.808);es="Linear";ed="In";};["L1stNa"]={cf=cfr(0,0,0,1,.02,-.007,-.021,.99,-.137,.004,.138,.99);es="Linear";ed="In";};["L1stNb"]={cf=cfr(0,0,0,1,0,-.001,-.001,.811,-.585,.001,.585,.811);es="Linear";ed="In";};["LHandNb"]={cf=cfr(.026,-.005,.016,.958,.267,-.101,-.28,.95,-.14,.059,.163,.985);es="Linear";ed="In";};["L4thNa"]={cf=cfr(0,0,0,1,-.022,.017,.028,.696,-.718,.004,.718,.696);es="Linear";ed="In";};["L4thNb"]={cf=cfr(0,0,0,1,0,-.001,-.001,.374,-.928,0,.928,.374);es="Linear";ed="In";};["LASabN"]={cf=cfr(-.092,.466,-.001,.962,.121,.246,-.126,.992,.007,-.243,-.038,.969);es="Linear";ed="In";};["LSSabN"]={cf=cfr(0,0,0,.973,0,.232,-.001,1,.003,-.232,-.003,.973);es="Linear";ed="In";};["BackN"]={cf=cfr(0,0,0,1,0,0,0,1,0,0,0,1);es="Linear";ed="In";};["ReflectorN"]={cf=cfr(0,0,0,1,0,0,0,1,0,0,0,1);es="Linear";ed="In";};["TailNa"]={cf=cfr(0,0,0,.772,.635,-.032,-.595,.704,-.388,-.224,.319,.921);es="Linear";ed="In";};["TailNb"]={cf=cfr(0,0,0,.961,.275,0,-.26,.908,.329,.091,-.316,.944);es="Linear";ed="In";};["TailNc"]={cf=cfr(0,0,0,.954,.299,0,-.28,.892,.354,.106,-.338,.935);es="Linear";ed="In";};["LSSabN_end"]={cf=cfr(2.845,-3.316,.749,-.335,.872,-.357,-.665,.049,.745,.667,.487,.563);es="Linear";ed="In";};["FaceM_end"]={cf=cfr(0,0,0,1,0,0,0,1,0,0,0,1);es="Linear";ed="In";};["BlasterM_end"]={cf=cfr(0,0,0,1,0,0,0,1,0,0,0,1);es="Linear";ed="In";};["L2ndNb_end"]={cf=cfr(-6.777,-6.543,9.682,-.814,-.283,.507,.567,-.194,.801,-.128,.939,.318);es="Linear";ed="In";};["RThumbNb_end"]={cf=cfr(5.341,-2.699,-.498,.922,-.359,.144,.386,.848,-.362,.008,.389,.921);es="Linear";ed="In";};["FacePattern"]={cf=cfr(0,0,0,1,0,0,0,1,0,0,0,1);es="Linear";ed="In";};["EyeYellowM"]={cf=cfr(0,0,0,1,0,0,0,1,0,0,0,1);es="Linear";ed="In";};["LThumbNb_end"]={cf=cfr(-.517,-10.80,4.12,-.997,-.066,.03,.068,-.706,.705,-.026,.706,.708);es="Linear";ed="In";};["ReflectorN_end"]={cf=cfr(-.839,-1.982,1.214,-.069,-.378,-.923,-.274,.897,-.347,.959,.229,-.166);es="Linear";ed="In";};["RHaveN"]={cf=cfr(-4.642,1.412,-3.981,.881,.465,.088,-.467,.884,.004,-.076,-.045,.996);es="Linear";ed="In";};["ThrowN_end"]={cf=cfr(0,0,0,1,0,0,0,1,0,0,0,1);es="Linear";ed="In";};["BlasterM"]={cf=cfr(0,0,0,1,0,0,0,1,0,0,0,1);es="Linear";ed="In";};["BlinkHalfM"]={cf=cfr(0,0,0,1,0,0,0,1,0,0,0,1);es="Linear";ed="In";};["R4thNb_end"]={cf=cfr(3.995,2.803,1.583,.996,.075,-.045,.088,-.799,.595,.009,-.597,-.802);es="Linear";ed="In";};["RSSabN_end"]={cf=cfr(1.89,1.136,1.979,.387,-.831,-.399,.921,.368,.127,.041,-.417,.908);es="Linear";ed="In";};["BackN_end"]={cf=cfr(-2.269,-1.85,.86,-.294,-.346,-.891,.102,.915,-.389,.95,-.205,-.234);es="Linear";ed="In";};["OuchM"]={cf=cfr(0,0,0,1,0,0,0,1,0,0,0,1);es="Linear";ed="In";};["BlinkM_end"]={cf=cfr(0,0,0,1,0,0,0,1,0,0,0,1);es="Linear";ed="In";};["OuchM_end"]={cf=cfr(0,0,0,1,0,0,0,1,0,0,0,1);es="Linear";ed="In";};["LHandNb_end"]={cf=cfr(.123,-10.24,-2.883,.528,-.192,-.827,-.323,-.946,.013,-.785,.26,-.562);es="Linear";ed="In";};["FitFox00.ao"]={cf=cfr(0,0,0,1,0,0,0,1,0,0,0,1);es="Linear";ed="In";};["RootNode"]={cf=cfr(0,0,0,-1,0,0,0,1,0,0,0,-1);es="Linear";ed="In";};["LToeN_end"]={cf=cfr(3.37,-4.351,.791,-.451,.876,-.17,-.888,-.46,-.018,-.094,.142,.985);es="Linear";ed="In";};["TailNc_end"]={cf=cfr(4.541,3.37,.228,.649,.199,.735,.524,.584,-.62,-.552,.787,.275);es="Linear";ed="In";};["RHaveN_end"]={cf=cfr(0,0,0,1,0,0,0,1,0,0,0,1);es="Linear";ed="In";};["R1stNb_end"]={cf=cfr(3.986,-5.004,1.025,.996,.076,-.042,-.073,.994,.076,.047,-.073,.996);es="Linear";ed="In";};["LHaveN_end"]={cf=cfr(0,0,0,1,0,0,0,1,0,0,0,1);es="Linear";ed="In";};["LHaveN"]={cf=cfr(8.566,-1.711,-6.398,-.826,.304,-.475,.491,.802,-.341,.277,-.514,-.812);es="Linear";ed="In";};["FaceM"]={cf=cfr(0,0,0,1,0,0,0,1,0,0,0,1);es="Linear";ed="In";};["ScopeN_end"]={cf=cfr(-.398,.65,2.535,.954,-.163,-.254,.15,.986,-.07,.261,.028,.965);es="Linear";ed="In";};["L1stNb_end"]={cf=cfr(-6.16,-10.46,5.975,-.816,-.283,.504,.558,-.617,.555,.154,.734,.661);es="Linear";ed="In";};["RHandNb_end"]={cf=cfr(-.822,-5.091,4.065,.986,-.126,-.108,.107,.98,-.169,.128,.155,.98);es="Linear";ed="In";};["RToeN_end"]={cf=cfr(-1.69,2.628,.025,-.867,-.499,-.004,.499,-.866,-.017,.005,-.017,1);es="Linear";ed="In";};["RASabN_end"]={cf=cfr(4.455,-2.203,3.347,.883,-.311,-.352,.328,.945,-.012,.336,-.105,.936);es="Linear";ed="In";};["R2ndNb_end"]={cf=cfr(3.986,-4.485,2.19,.996,.071,-.061,-.047,.941,.336,.081,-.332,.94);es="Linear";ed="In";};["LASabN_end"]={cf=cfr(-.146,-7.492,-.49,-.803,.556,.213,-.387,-.759,.524,.454,.338,.824);es="Linear";ed="In";};["ThrowN"]={cf=cfr(-.282,0,0,1,0,0,0,1,0,0,0,1);es="Linear";ed="In";};["L4thNb_end"]={cf=cfr(-7.999,9.137,2.179,-.812,-.278,.514,-.283,.957,.071,-.511,-.088,-.855);es="Linear";ed="In";};["MouthN_end"]={cf=cfr(-.007,.638,-2.134,.939,.151,-.309,-.187,.978,-.09,.288,.142,.947);es="Linear";ed="In";};};{tm=.043;["BlinkM"]={cf=cfr(0,0,0,1,0,0,0,1,0,0,0,1);es="Linear";ed="In";};["BlinkHalfM_end"]={cf=cfr(0,0,0,1,0,0,0,1,0,0,0,1);es="Linear";ed="In";};["R3rdNb_end"]={cf=cfr(3.984,1.774,3.039,.996,.076,-.04,.073,-.49,.869,.047,-.869,-.493);es="Linear";ed="In";};["EyeYellowM_end"]={cf=cfr(0,0,0,1,0,0,0,1,0,0,0,1);es="Linear";ed="In";};["L3rdNb_end"]={cf=cfr(-7.332,5.698,8.755,-.812,-.277,.514,.124,.779,.615,-.571,.563,-.598);es="Linear";ed="In";};["FitFox00.mo"]={cf=cfr(0,0,0,1,0,0,0,1,0,0,0,1);es="Linear";ed="In";};["TopN"]={cf=cfr(0,0,0,1,0,0,0,1,0,0,0,1);es="Linear";ed="In";};["TransN"]={cf=cfr(0,0,0,1,0,0,0,1,0,0,0,1);es="Linear";ed="In";};["XRotN"]={cf=cfr(.282,0,0,1,0,0,0,1,0,0,0,1);es="Linear";ed="In";};["YRotN"]={cf=cfr(0,0,0,1,0,0,0,1,0,0,0,1);es="Linear";ed="In";};["HipN"]={cf=cfr(1.023,.373,4.149,.591,-.779,.209,.738,.627,.25,-.326,.007,.945);es="Linear";ed="In";};["LLegJ"]={cf=cfr(0,0,0,-.631,.694,-.346,.247,.602,.759,.735,.394,-.551);es="Linear";ed="In";};["LKneeJ"]={cf=cfr(0,0,0,-.298,-.009,.955,-.018,1,.003,-.955,-.017,-.298);es="Linear";ed="In";};["LFootJ"]={cf=cfr(-.031,-.013,.005,.993,-.059,.106,.043,.988,.148,-.113,-.143,.983);es="Linear";ed="In";};["LToeN"]={cf=cfr(0,0,0,1,-.001,-.003,.001,1,.001,.003,-.001,1);es="Linear";ed="In";};["RLegJ"]={cf=cfr(0,0,0,.2,.348,-.916,.654,.648,.39,.729,-.677,-.098);es="Linear";ed="In";};["RKneeJ"]={cf=cfr(.005,0,0,-.218,.013,.976,.089,.996,.006,-.972,.088,-.218);es="Linear";ed="In";};["RFootJ"]={cf=cfr(.05,-.01,-.003,.912,-.238,-.334,.046,.869,-.492,.407,.434,.804);es="Linear";ed="In";};["RToeN"]={cf=cfr(0,0,0,.919,-.025,-.394,-.121,.932,-.341,.376,.361,.853);es="Linear";ed="In";};["WaistN"]={cf=cfr(0,0,0,.972,-.049,.229,.022,.993,.118,-.233,-.11,.966);es="Linear";ed="In";};["BustN"]={cf=cfr(0,0,0,.958,-.106,.267,.087,.993,.082,-.274,-.055,.96);es="Linear";ed="In";};["RShoulderN"]={cf=cfr(0,0,0,1,-.002,.004,.002,1,.025,-.004,-.025,1);es="Linear";ed="In";};["RShoulderJ"]={cf=cfr(0,0,0,.943,.131,-.307,-.215,.942,-.257,.255,.308,.916);es="Linear";ed="In";};["RArmJ"]={cf=cfr(0,0,0,.624,-.781,.018,.781,.624,-.018,.002,.025,1);es="Linear";ed="In";};["RHandN"]={cf=cfr(.005,.001,0,.9,.432,.052,-.433,.901,.009,-.043,-.031,.999);es="Linear";ed="In";};["RThumbNa"]={cf=cfr(0,0,0,.954,.185,.237,-.039,.857,-.514,-.298,.481,.825);es="Linear";ed="In";};["RThumbNb"]={cf=cfr(0,0,0,.887,.142,-.439,-.149,.989,.018,.437,.049,.898);es="Linear";ed="In";};["R2ndNa"]={cf=cfr(0,0,0,1,-.015,.025,.029,.651,-.759,-.005,.759,.651);es="Linear";ed="In";};["R2ndNb"]={cf=cfr(0,0,0,1,.001,.002,.001,.625,-.78,-.002,.78,.625);es="Linear";ed="In";};["R1stNa"]={cf=cfr(0,0,0,1,.003,-.001,-.003,.708,-.706,-.002,.706,.708);es="Linear";ed="In";};["R1stNb"]={cf=cfr(0,0,0,1,.001,.002,.001,.625,-.78,-.002,.78,.625);es="Linear";ed="In";};["R3rdNa"]={cf=cfr(0,0,0,.999,.024,-.046,-.052,.589,-.807,.008,.808,.589);es="Linear";ed="In";};["R3rdNb"]={cf=cfr(0,0,0,1,.001,.002,.001,.625,-.781,-.002,.781,.625);es="Linear";ed="In";};["RHandNb"]={cf=cfr(.021,.006,.015,.994,-.112,.018,.093,.897,.432,-.065,-.428,.901);es="Linear";ed="In";};["R4thNa"]={cf=cfr(0,0,0,.979,.11,-.169,-.202,.523,-.828,-.003,.845,.535);es="Linear";ed="In";};["R4thNb"]={cf=cfr(0,0,0,1,.001,.002,.001,.625,-.781,-.002,.781,.625);es="Linear";ed="In";};["RASabN"]={cf=cfr(.103,-.338,.003,.954,.063,.294,-.074,.997,.028,-.292,-.048,.955);es="Linear";ed="In";};["RSSabN"]={cf=cfr(0,0,0,.956,-.003,.292,.001,1,.006,-.292,-.006,.956);es="Linear";ed="In";};["NeckN"]={cf=cfr(0,0,0,.691,.517,-.505,-.702,.648,-.296,.174,.559,.811);es="Linear";ed="In";};["HeadN"]={cf=cfr(0,0,0,.965,-.032,-.26,.015,.998,-.066,.261,.06,.963);es="Linear";ed="In";};["ScopeN"]={cf=cfr(0,0,0,1,0,0,0,1,0,0,0,1);es="Linear";ed="In";};["MouthN"]={cf=cfr(0,0,0,.997,0,.077,0,1,0,-.077,0,.997);es="Linear";ed="In";};["LShoulderN"]={cf=cfr(0,0,0,1,0,-.003,0,1,0,.003,0,1);es="Linear";ed="In";};["LShoulderJ"]={cf=cfr(0,0,0,.489,.76,-.428,-.785,.169,-.596,-.381,.627,.679);es="Linear";ed="In";};["LArmJ"]={cf=cfr(0,0,0,.535,-.845,.007,.845,.535,0,-.003,.006,1);es="Linear";ed="In";};["LHandN"]={cf=cfr(-.006,-.001,-.001,1,-.011,0,.011,1,-.001,0,.001,1);es="Linear";ed="In";};["LThumbNa"]={cf=cfr(0,0,0,.972,.236,-.009,-.225,.912,-.342,-.072,.335,.94);es="Linear";ed="In";};["LThumbNb"]={cf=cfr(0,0,0,.969,.247,-.02,-.248,.966,-.068,.003,.07,.998);es="Linear";ed="In";};["L3rdNa"]={cf=cfr(0,0,0,1,-.015,.003,.014,.805,-.593,.006,.593,.805);es="Linear";ed="In";};["L3rdNb"]={cf=cfr(0,0,0,1,0,-.001,0,.816,-.578,.001,.578,.816);es="Linear";ed="In";};["L2ndNa"]={cf=cfr(0,0,0,1,.003,-.001,-.003,.824,-.567,-.001,.567,.824);es="Linear";ed="In";};["L2ndNb"]={cf=cfr(0,0,0,1,-.001,-.001,0,.816,-.578,.001,.578,.816);es="Linear";ed="In";};["L1stNa"]={cf=cfr(0,0,0,.999,.036,-.025,-.044,.841,-.54,.002,.54,.842);es="Linear";ed="In";};["L1stNb"]={cf=cfr(0,0,0,1,0,-.001,-.001,.816,-.578,.001,.578,.816);es="Linear";ed="In";};["LHandNb"]={cf=cfr(.026,-.005,.016,1,.001,-.001,-.001,1,.001,.001,-.001,1);es="Linear";ed="In";};["L4thNa"]={cf=cfr(0,0,0,.998,-.045,.033,.056,.787,-.615,.002,.615,.788);es="Linear";ed="In";};["L4thNb"]={cf=cfr(0,0,0,1,0,-.001,-.001,.816,-.578,.001,.578,.816);es="Linear";ed="In";};["LASabN"]={cf=cfr(-.103,.42,-.001,.994,.082,.075,-.087,.994,.069,-.069,-.075,.995);es="Linear";ed="In";};["LSSabN"]={cf=cfr(0,0,0,.999,0,.047,0,1,.002,-.047,-.002,.999);es="Linear";ed="In";};["BackN"]={cf=cfr(0,0,0,1,0,0,0,1,0,0,0,1);es="Linear";ed="In";};["ReflectorN"]={cf=cfr(0,0,0,1,0,0,0,1,0,0,0,1);es="Linear";ed="In";};["TailNa"]={cf=cfr(0,0,0,.945,.263,-.193,-.326,.719,-.614,-.022,.643,.766);es="Linear";ed="In";};["TailNb"]={cf=cfr(0,0,0,.996,.087,0,-.086,.986,.143,.012,-.143,.99);es="Linear";ed="In";};["TailNc"]={cf=cfr(0,0,0,.995,.095,0,-.094,.984,.152,.014,-.151,.988);es="Linear";ed="In";};["LSSabN_end"]={cf=cfr(2.845,-3.316,.749,-.335,.872,-.357,-.665,.049,.745,.667,.487,.563);es="Linear";ed="In";};["FaceM_end"]={cf=cfr(0,0,0,1,0,0,0,1,0,0,0,1);es="Linear";ed="In";};["BlasterM_end"]={cf=cfr(0,0,0,1,0,0,0,1,0,0,0,1);es="Linear";ed="In";};["L2ndNb_end"]={cf=cfr(-6.777,-6.543,9.682,-.814,-.283,.507,.567,-.194,.801,-.128,.939,.318);es="Linear";ed="In";};["RThumbNb_end"]={cf=cfr(5.341,-2.699,-.498,.922,-.359,.144,.386,.848,-.362,.008,.389,.921);es="Linear";ed="In";};["FacePattern"]={cf=cfr(0,0,0,1,0,0,0,1,0,0,0,1);es="Linear";ed="In";};["EyeYellowM"]={cf=cfr(0,0,0,1,0,0,0,1,0,0,0,1);es="Linear";ed="In";};["LThumbNb_end"]={cf=cfr(-.517,-10.80,4.12,-.997,-.066,.03,.068,-.706,.705,-.026,.706,.708);es="Linear";ed="In";};["ReflectorN_end"]={cf=cfr(-.839,-1.982,1.214,-.069,-.378,-.923,-.274,.897,-.347,.959,.229,-.166);es="Linear";ed="In";};["RHaveN"]={cf=cfr(-4.642,1.412,-3.981,.881,.465,.088,-.467,.884,.004,-.076,-.045,.996);es="Linear";ed="In";};["ThrowN_end"]={cf=cfr(0,0,0,1,0,0,0,1,0,0,0,1);es="Linear";ed="In";};["BlasterM"]={cf=cfr(0,0,0,1,0,0,0,1,0,0,0,1);es="Linear";ed="In";};["BlinkHalfM"]={cf=cfr(0,0,0,1,0,0,0,1,0,0,0,1);es="Linear";ed="In";};["R4thNb_end"]={cf=cfr(3.995,2.803,1.583,.996,.075,-.045,.088,-.799,.595,.009,-.597,-.802);es="Linear";ed="In";};["RSSabN_end"]={cf=cfr(1.89,1.136,1.979,.387,-.831,-.399,.921,.368,.127,.041,-.417,.908);es="Linear";ed="In";};["BackN_end"]={cf=cfr(-2.269,-1.85,.86,-.294,-.346,-.891,.102,.915,-.389,.95,-.205,-.234);es="Linear";ed="In";};["OuchM"]={cf=cfr(0,0,0,1,0,0,0,1,0,0,0,1);es="Linear";ed="In";};["BlinkM_end"]={cf=cfr(0,0,0,1,0,0,0,1,0,0,0,1);es="Linear";ed="In";};["OuchM_end"]={cf=cfr(0,0,0,1,0,0,0,1,0,0,0,1);es="Linear";ed="In";};["LHandNb_end"]={cf=cfr(.123,-10.24,-2.883,.528,-.192,-.827,-.323,-.946,.013,-.785,.26,-.562);es="Linear";ed="In";};["FitFox00.ao"]={cf=cfr(0,0,0,1,0,0,0,1,0,0,0,1);es="Linear";ed="In";};["RootNode"]={cf=cfr(0,0,0,-1,0,0,0,1,0,0,0,-1);es="Linear";ed="In";};["LToeN_end"]={cf=cfr(3.37,-4.351,.791,-.451,.876,-.17,-.888,-.46,-.018,-.094,.142,.985);es="Linear";ed="In";};["TailNc_end"]={cf=cfr(4.541,3.37,.228,.649,.199,.735,.524,.584,-.62,-.552,.787,.275);es="Linear";ed="In";};["RHaveN_end"]={cf=cfr(0,0,0,1,0,0,0,1,0,0,0,1);es="Linear";ed="In";};["R1stNb_end"]={cf=cfr(3.986,-5.004,1.025,.996,.076,-.042,-.073,.994,.076,.047,-.073,.996);es="Linear";ed="In";};["LHaveN_end"]={cf=cfr(0,0,0,1,0,0,0,1,0,0,0,1);es="Linear";ed="In";};["LHaveN"]={cf=cfr(8.566,-1.711,-6.398,-.826,.304,-.475,.491,.802,-.341,.277,-.514,-.812);es="Linear";ed="In";};["FaceM"]={cf=cfr(0,0,0,1,0,0,0,1,0,0,0,1);es="Linear";ed="In";};["ScopeN_end"]={cf=cfr(-.398,.65,2.535,.954,-.163,-.254,.15,.986,-.07,.261,.028,.965);es="Linear";ed="In";};["L1stNb_end"]={cf=cfr(-6.16,-10.46,5.975,-.816,-.283,.504,.558,-.617,.555,.154,.734,.661);es="Linear";ed="In";};["RHandNb_end"]={cf=cfr(-.822,-5.091,4.065,.986,-.126,-.108,.107,.98,-.169,.128,.155,.98);es="Linear";ed="In";};["RToeN_end"]={cf=cfr(-1.69,2.628,.025,-.867,-.499,-.004,.499,-.866,-.017,.005,-.017,1);es="Linear";ed="In";};["RASabN_end"]={cf=cfr(4.455,-2.203,3.347,.883,-.311,-.352,.328,.945,-.012,.336,-.105,.936);es="Linear";ed="In";};["R2ndNb_end"]={cf=cfr(3.986,-4.485,2.19,.996,.071,-.061,-.047,.941,.336,.081,-.332,.94);es="Linear";ed="In";};["LASabN_end"]={cf=cfr(-.146,-7.492,-.49,-.803,.556,.213,-.387,-.759,.524,.454,.338,.824);es="Linear";ed="In";};["ThrowN"]={cf=cfr(-.282,0,0,1,0,0,0,1,0,0,0,1);es="Linear";ed="In";};["L4thNb_end"]={cf=cfr(-7.999,9.137,2.179,-.812,-.278,.514,-.283,.957,.071,-.511,-.088,-.855);es="Linear";ed="In";};["MouthN_end"]={cf=cfr(-.007,.638,-2.134,.939,.151,-.309,-.187,.978,-.09,.288,.142,.947);es="Linear";ed="In";};};{tm=.086;["BlinkM"]={cf=cfr(0,0,0,1,0,0,0,1,0,0,0,1);es="Linear";ed="In";};["BlinkHalfM_end"]={cf=cfr(0,0,0,1,0,0,0,1,0,0,0,1);es="Linear";ed="In";};["R3rdNb_end"]={cf=cfr(3.984,1.774,3.039,.996,.076,-.04,.073,-.49,.869,.047,-.869,-.493);es="Linear";ed="In";};["EyeYellowM_end"]={cf=cfr(0,0,0,1,0,0,0,1,0,0,0,1);es="Linear";ed="In";};["L3rdNb_end"]={cf=cfr(-7.332,5.698,8.755,-.812,-.277,.514,.124,.779,.615,-.571,.563,-.598);es="Linear";ed="In";};["FitFox00.mo"]={cf=cfr(0,0,0,1,0,0,0,1,0,0,0,1);es="Linear";ed="In";};["TopN"]={cf=cfr(0,0,0,1,0,0,0,1,0,0,0,1);es="Linear";ed="In";};["TransN"]={cf=cfr(0,0,0,1,0,0,0,1,0,0,0,1);es="Linear";ed="In";};["XRotN"]={cf=cfr(.282,0,0,1,0,0,0,1,0,0,0,1);es="Linear";ed="In";};["YRotN"]={cf=cfr(0,0,0,1,0,0,0,1,0,0,0,1);es="Linear";ed="In";};["HipN"]={cf=cfr(.957,.765,4.044,.592,-.778,.211,.737,.628,.251,-.328,.007,.945);es="Linear";ed="In";};["LLegJ"]={cf=cfr(0,0,0,-.725,.626,-.287,.108,.515,.85,.68,.585,-.441);es="Linear";ed="In";};["LKneeJ"]={cf=cfr(0,0,0,-.294,.031,.955,.014,.999,-.028,-.956,.005,-.294);es="Linear";ed="In";};["LFootJ"]={cf=cfr(-.033,-.013,.005,.994,-.104,.045,.08,.924,.374,-.08,-.368,.926);es="Linear";ed="In";};["LToeN"]={cf=cfr(0,0,0,1,0,-.003,0,1,0,.003,0,1);es="Linear";ed="In";};["RLegJ"]={cf=cfr(0,0,0,.209,.506,-.837,.626,.588,.512,.751,-.631,-.194);es="Linear";ed="In";};["RKneeJ"]={cf=cfr(.009,0,0,-.075,.071,.995,.133,.989,-.06,-.988,.128,-.083);es="Linear";ed="In";};["RFootJ"]={cf=cfr(.069,-.012,-.002,.946,-.285,-.152,.195,.88,-.434,.257,.381,.888);es="Linear";ed="In";};["RToeN"]={cf=cfr(0,0,0,.91,-.029,-.414,-.133,.925,-.357,.393,.38,.837);es="Linear";ed="In";};["WaistN"]={cf=cfr(0,0,0,.949,.224,.223,-.228,.974,-.008,-.219,-.043,.975);es="Linear";ed="In";};["BustN"]={cf=cfr(0,0,0,.93,.229,.288,-.182,.967,-.179,-.319,.114,.941);es="Linear";ed="In";};["RShoulderN"]={cf=cfr(0,0,0,1,-.006,.012,.005,.997,.072,-.013,-.072,.997);es="Linear";ed="In";};["RShoulderJ"]={cf=cfr(0,0,0,.761,-.32,-.564,.192,.942,-.276,.62,.102,.778);es="Linear";ed="In";};["RArmJ"]={cf=cfr(0,0,0,.435,-.9,.013,.9,.435,.004,-.01,.01,1);es="Linear";ed="In";};["RHandN"]={cf=cfr(.005,.001,0,.975,.221,.028,-.221,.975,.004,-.026,-.01,1);es="Linear";ed="In";};["RThumbNa"]={cf=cfr(0,0,0,.944,.129,.303,.05,.854,-.518,-.326,.504,.8);es="Linear";ed="In";};["RThumbNb"]={cf=cfr(0,0,0,.894,.129,-.429,-.131,.991,.027,.428,.032,.903);es="Linear";ed="In";};["R2ndNa"]={cf=cfr(0,0,0,1,-.018,.024,.029,.758,-.651,-.007,.652,.759);es="Linear";ed="In";};["R2ndNb"]={cf=cfr(0,0,0,1,.001,.002,0,.735,-.678,-.002,.678,.735);es="Linear";ed="In";};["R1stNa"]={cf=cfr(0,0,0,1,.003,0,-.003,.81,-.586,-.002,.586,.81);es="Linear";ed="In";};["R1stNb"]={cf=cfr(0,0,0,1,.001,.002,0,.735,-.678,-.002,.678,.735);es="Linear";ed="In";};["R3rdNa"]={cf=cfr(0,0,0,.999,.03,-.043,-.052,.701,-.711,.009,.712,.702);es="Linear";ed="In";};["R3rdNb"]={cf=cfr(0,0,0,1,.001,.002,0,.735,-.678,-.002,.678,.735);es="Linear";ed="In";};["RHandNb"]={cf=cfr(.02,.006,.011,.998,-.055,.017,.05,.973,.224,-.029,-.223,.975);es="Linear";ed="In";};["R4thNa"]={cf=cfr(0,0,0,.976,.145,-.16,-.216,.634,-.743,-.006,.76,.65);es="Linear";ed="In";};["R4thNb"]={cf=cfr(0,0,0,1,.001,.002,0,.735,-.678,-.002,.678,.735);es="Linear";ed="In";};["RASabN"]={cf=cfr(.101,-.429,.003,.803,.113,.585,-.074,.993,-.09,-.591,.029,.806);es="Linear";ed="In";};["RSSabN"]={cf=cfr(0,0,0,.791,-.005,.611,-.001,1,.008,-.611,-.007,.791);es="Linear";ed="In";};["NeckN"]={cf=cfr(0,0,0,.874,.209,-.438,-.33,.918,-.221,.355,.338,.872);es="Linear";ed="In";};["HeadN"]={cf=cfr(0,0,0,.936,-.101,-.337,.079,.994,-.077,.343,.046,.938);es="Linear";ed="In";};["ScopeN"]={cf=cfr(0,0,0,1,0,0,0,1,0,0,0,1);es="Linear";ed="In";};["MouthN"]={cf=cfr(0,0,0,.997,0,.077,0,1,0,-.077,0,.997);es="Linear";ed="In";};["LShoulderN"]={cf=cfr(0,0,0,1,0,0,0,1,0,0,0,1);es="Linear";ed="In";};["LShoulderJ"]={cf=cfr(0,0,0,.618,.698,-.362,-.748,.382,-.542,-.24,.606,.758);es="Linear";ed="In";};["LArmJ"]={cf=cfr(0,0,0,.588,-.808,.009,.809,.588,.001,-.006,.006,1);es="Linear";ed="In";};["LHandN"]={cf=cfr(-.006,-.001,-.001,1,-.011,0,.011,1,-.001,0,.001,1);es="Linear";ed="In";};["LThumbNa"]={cf=cfr(0,0,0,.972,.236,-.012,-.226,.912,-.342,-.07,.335,.94);es="Linear";ed="In";};["LThumbNb"]={cf=cfr(0,0,0,.955,.296,-.017,-.296,.954,-.051,.002,.053,.999);es="Linear";ed="In";};["L3rdNa"]={cf=cfr(0,0,0,1,-.006,.003,.007,.831,-.557,.001,.557,.831);es="Linear";ed="In";};["L3rdNb"]={cf=cfr(0,0,0,1,0,-.001,0,.835,-.551,.001,.551,.835);es="Linear";ed="In";};["L2ndNa"]={cf=cfr(0,0,0,1,.002,-.004,-.004,.838,-.546,.002,.546,.838);es="Linear";ed="In";};["L2ndNb"]={cf=cfr(0,0,0,1,-.001,-.001,0,.835,-.551,.001,.551,.835);es="Linear";ed="In";};["L1stNa"]={cf=cfr(0,0,0,1,.013,-.011,-.017,.844,-.536,.002,.536,.844);es="Linear";ed="In";};["L1stNb"]={cf=cfr(0,0,0,1,0,-.001,-.001,.835,-.551,.001,.551,.835);es="Linear";ed="In";};["LHandNb"]={cf=cfr(.026,-.005,.016,1,0,-.002,0,1,.001,.002,-.001,1);es="Linear";ed="In";};["L4thNa"]={cf=cfr(0,0,0,1,-.018,.013,.022,.824,-.566,0,.566,.824);es="Linear";ed="In";};["L4thNb"]={cf=cfr(0,0,0,1,0,-.001,-.001,.835,-.551,.001,.551,.835);es="Linear";ed="In";};["LASabN"]={cf=cfr(-.114,.374,-.001,.992,.065,.112,-.072,.996,.057,-.108,-.065,.992);es="Linear";ed="In";};["LSSabN"]={cf=cfr(0,0,0,.996,0,.094,0,1,.002,-.094,-.002,.996);es="Linear";ed="In";};["BackN"]={cf=cfr(0,0,0,1,0,0,0,1,0,0,0,1);es="Linear";ed="In";};["ReflectorN"]={cf=cfr(0,0,0,1,0,0,0,1,0,0,0,1);es="Linear";ed="In";};["TailNa"]={cf=cfr(0,0,0,1,0,0,0,.712,-.702,0,.702,.712);es="Linear";ed="In";};["TailNb"]={cf=cfr(0,0,0,1,0,0,0,1,0,0,0,1);es="Linear";ed="In";};["TailNc"]={cf=cfr(0,0,0,1,0,0,0,1,0,0,0,1);es="Linear";ed="In";};["LSSabN_end"]={cf=cfr(2.845,-3.316,.749,-.335,.872,-.357,-.665,.049,.745,.667,.487,.563);es="Linear";ed="In";};["FaceM_end"]={cf=cfr(0,0,0,1,0,0,0,1,0,0,0,1);es="Linear";ed="In";};["BlasterM_end"]={cf=cfr(0,0,0,1,0,0,0,1,0,0,0,1);es="Linear";ed="In";};["L2ndNb_end"]={cf=cfr(-6.777,-6.543,9.682,-.814,-.283,.507,.567,-.194,.801,-.128,.939,.318);es="Linear";ed="In";};["RThumbNb_end"]={cf=cfr(5.341,-2.699,-.498,.922,-.359,.144,.386,.848,-.362,.008,.389,.921);es="Linear";ed="In";};["FacePattern"]={cf=cfr(0,0,0,1,0,0,0,1,0,0,0,1);es="Linear";ed="In";};["EyeYellowM"]={cf=cfr(0,0,0,1,0,0,0,1,0,0,0,1);es="Linear";ed="In";};["LThumbNb_end"]={cf=cfr(-.517,-10.80,4.12,-.997,-.066,.03,.068,-.706,.705,-.026,.706,.708);es="Linear";ed="In";};["ReflectorN_end"]={cf=cfr(-.839,-1.982,1.214,-.069,-.378,-.923,-.274,.897,-.347,.959,.229,-.166);es="Linear";ed="In";};["RHaveN"]={cf=cfr(-4.642,1.412,-3.981,.881,.465,.088,-.467,.884,.004,-.076,-.045,.996);es="Linear";ed="In";};["ThrowN_end"]={cf=cfr(0,0,0,1,0,0,0,1,0,0,0,1);es="Linear";ed="In";};["BlasterM"]={cf=cfr(0,0,0,1,0,0,0,1,0,0,0,1);es="Linear";ed="In";};["BlinkHalfM"]={cf=cfr(0,0,0,1,0,0,0,1,0,0,0,1);es="Linear";ed="In";};["R4thNb_end"]={cf=cfr(3.995,2.803,1.583,.996,.075,-.045,.088,-.799,.595,.009,-.597,-.802);es="Linear";ed="In";};["RSSabN_end"]={cf=cfr(1.89,1.136,1.979,.387,-.831,-.399,.921,.368,.127,.041,-.417,.908);es="Linear";ed="In";};["BackN_end"]={cf=cfr(-2.269,-1.85,.86,-.294,-.346,-.891,.102,.915,-.389,.95,-.205,-.234);es="Linear";ed="In";};["OuchM"]={cf=cfr(0,0,0,1,0,0,0,1,0,0,0,1);es="Linear";ed="In";};["BlinkM_end"]={cf=cfr(0,0,0,1,0,0,0,1,0,0,0,1);es="Linear";ed="In";};["OuchM_end"]={cf=cfr(0,0,0,1,0,0,0,1,0,0,0,1);es="Linear";ed="In";};["LHandNb_end"]={cf=cfr(.123,-10.24,-2.883,.528,-.192,-.827,-.323,-.946,.013,-.785,.26,-.562);es="Linear";ed="In";};["FitFox00.ao"]={cf=cfr(0,0,0,1,0,0,0,1,0,0,0,1);es="Linear";ed="In";};["RootNode"]={cf=cfr(0,0,0,-1,0,0,0,1,0,0,0,-1);es="Linear";ed="In";};["LToeN_end"]={cf=cfr(3.37,-4.351,.791,-.451,.876,-.17,-.888,-.46,-.018,-.094,.142,.985);es="Linear";ed="In";};["TailNc_end"]={cf=cfr(4.541,3.37,.228,.649,.199,.735,.524,.584,-.62,-.552,.787,.275);es="Linear";ed="In";};["RHaveN_end"]={cf=cfr(0,0,0,1,0,0,0,1,0,0,0,1);es="Linear";ed="In";};["R1stNb_end"]={cf=cfr(3.986,-5.004,1.025,.996,.076,-.042,-.073,.994,.076,.047,-.073,.996);es="Linear";ed="In";};["LHaveN_end"]={cf=cfr(0,0,0,1,0,0,0,1,0,0,0,1);es="Linear";ed="In";};["LHaveN"]={cf=cfr(8.566,-1.711,-6.398,-.826,.304,-.475,.491,.802,-.341,.277,-.514,-.812);es="Linear";ed="In";};["FaceM"]={cf=cfr(0,0,0,1,0,0,0,1,0,0,0,1);es="Linear";ed="In";};["ScopeN_end"]={cf=cfr(-.398,.65,2.535,.954,-.163,-.254,.15,.986,-.07,.261,.028,.965);es="Linear";ed="In";};["L1stNb_end"]={cf=cfr(-6.16,-10.46,5.975,-.816,-.283,.504,.558,-.617,.555,.154,.734,.661);es="Linear";ed="In";};["RHandNb_end"]={cf=cfr(-.822,-5.091,4.065,.986,-.126,-.108,.107,.98,-.169,.128,.155,.98);es="Linear";ed="In";};["RToeN_end"]={cf=cfr(-1.69,2.628,.025,-.867,-.499,-.004,.499,-.866,-.017,.005,-.017,1);es="Linear";ed="In";};["RASabN_end"]={cf=cfr(4.455,-2.203,3.347,.883,-.311,-.352,.328,.945,-.012,.336,-.105,.936);es="Linear";ed="In";};["R2ndNb_end"]={cf=cfr(3.986,-4.485,2.19,.996,.071,-.061,-.047,.941,.336,.081,-.332,.94);es="Linear";ed="In";};["LASabN_end"]={cf=cfr(-.146,-7.492,-.49,-.803,.556,.213,-.387,-.759,.524,.454,.338,.824);es="Linear";ed="In";};["ThrowN"]={cf=cfr(-.282,0,0,1,0,0,0,1,0,0,0,1);es="Linear";ed="In";};["L4thNb_end"]={cf=cfr(-7.999,9.137,2.179,-.812,-.278,.514,-.283,.957,.071,-.511,-.088,-.855);es="Linear";ed="In";};["MouthN_end"]={cf=cfr(-.007,.638,-2.134,.939,.151,-.309,-.187,.978,-.09,.288,.142,.947);es="Linear";ed="In";};};{tm=.129;["BlinkM"]={cf=cfr(0,0,0,1,0,0,0,1,0,0,0,1);es="Linear";ed="In";};["BlinkHalfM_end"]={cf=cfr(0,0,0,1,0,0,0,1,0,0,0,1);es="Linear";ed="In";};["R3rdNb_end"]={cf=cfr(3.984,1.774,3.039,.996,.076,-.04,.073,-.49,.869,.047,-.869,-.493);es="Linear";ed="In";};["EyeYellowM_end"]={cf=cfr(0,0,0,1,0,0,0,1,0,0,0,1);es="Linear";ed="In";};["L3rdNb_end"]={cf=cfr(-7.332,5.698,8.755,-.812,-.277,.514,.124,.779,.615,-.571,.563,-.598);es="Linear";ed="In";};["FitFox00.mo"]={cf=cfr(0,0,0,1,0,0,0,1,0,0,0,1);es="Linear";ed="In";};["TopN"]={cf=cfr(0,0,0,1,0,0,0,1,0,0,0,1);es="Linear";ed="In";};["TransN"]={cf=cfr(0,0,0,1,0,0,0,1,0,0,0,1);es="Linear";ed="In";};["XRotN"]={cf=cfr(.282,0,0,1,0,0,0,1,0,0,0,1);es="Linear";ed="In";};["YRotN"]={cf=cfr(0,0,0,1,0,0,0,1,0,0,0,1);es="Linear";ed="In";};["HipN"]={cf=cfr(.748,1.156,3.703,.593,-.777,.211,.735,.63,.252,-.329,.006,.944);es="Linear";ed="In";};["LLegJ"]={cf=cfr(0,0,0,-.674,.58,-.457,-.08,.559,.826,.734,.593,-.33);es="Linear";ed="In";};["LKneeJ"]={cf=cfr(0,0,0,-.239,.062,.969,-.015,.998,-.068,-.971,-.03,-.238);es="Linear";ed="In";};["LFootJ"]={cf=cfr(-.035,-.013,.005,.997,-.026,-.076,.056,.902,.429,.057,-.432,.9);es="Linear";ed="In";};["LToeN"]={cf=cfr(0,0,0,1,-.001,-.003,.001,1,0,.003,0,1);es="Linear";ed="In";};["RLegJ"]={cf=cfr(0,0,0,.284,.402,-.87,.574,.656,.491,.768,-.639,-.044);es="Linear";ed="In";};["RKneeJ"]={cf=cfr(.013,0,0,.127,-.056,.99,.11,.993,.042,-.986,.104,.132);es="Linear";ed="In";};["RFootJ"]={cf=cfr(.061,-.014,-.002,.984,-.146,-.1,.074,.854,-.514,.161,.499,.852);es="Linear";ed="In";};["RToeN"]={cf=cfr(0,0,0,.933,-.005,-.36,-.1,.957,-.272,.345,.289,.893);es="Linear";ed="In";};["WaistN"]={cf=cfr(0,0,0,.827,.531,.183,-.507,.846,-.164,-.242,.043,.969);es="Linear";ed="In";};["BustN"]={cf=cfr(0,0,0,.765,.607,.213,-.443,.737,-.511,-.468,.297,.833);es="Linear";ed="In";};["RShoulderN"]={cf=cfr(0,0,0,1,-.01,.02,.008,.993,.118,-.021,-.118,.993);es="Linear";ed="In";};["RShoulderJ"]={cf=cfr(0,0,0,.272,-.701,-.659,.389,.707,-.591,.88,-.096,.465);es="Linear";ed="In";};["RArmJ"]={cf=cfr(0,0,0,.225,-.974,.001,.974,.225,0,0,.001,1);es="Linear";ed="In";};["RHandN"]={cf=cfr(.005,.001,0,1,-.001,.007,.001,1,0,-.007,0,1);es="Linear";ed="In";};["RThumbNa"]={cf=cfr(0,0,0,.926,.07,.371,.141,.847,-.513,-.35,.527,.774);es="Linear";ed="In";};["RThumbNb"]={cf=cfr(0,0,0,.901,.119,-.416,-.114,.993,.038,.418,.013,.908);es="Linear";ed="In";};["R2ndNa"]={cf=cfr(0,0,0,1,-.02,.022,.029,.848,-.529,-.009,.529,.849);es="Linear";ed="In";};["R2ndNb"]={cf=cfr(0,0,0,1,.001,.002,0,.828,-.56,-.002,.56,.828);es="Linear";ed="In";};["R1stNa"]={cf=cfr(0,0,0,1,.003,0,-.003,.892,-.453,-.001,.453,.892);es="Linear";ed="In";};["R1stNb"]={cf=cfr(0,0,0,1,.001,.002,0,.828,-.56,-.002,.56,.828);es="Linear";ed="In";};["R3rdNa"]={cf=cfr(0,0,0,.999,.036,-.04,-.053,.798,-.6,.01,.602,.799);es="Linear";ed="In";};["R3rdNb"]={cf=cfr(0,0,0,1,.001,.002,0,.828,-.56,-.002,.56,.828);es="Linear";ed="In";};["RHandNb"]={cf=cfr(.019,.006,.007,1,.001,.002,-.001,1,.001,-.002,-.001,1);es="Linear";ed="In";};["R4thNa"]={cf=cfr(0,0,0,.974,.173,-.148,-.228,.732,-.642,-.003,.659,.752);es="Linear";ed="In";};["R4thNb"]={cf=cfr(0,0,0,1,.001,.002,0,.828,-.56,-.002,.56,.828);es="Linear";ed="In";};["RASabN"]={cf=cfr(.099,-.514,.003,.509,.175,.843,.026,.976,-.218,-.86,.133,.492);es="Linear";ed="In";};["RSSabN"]={cf=cfr(0,0,0,.429,-.007,.903,-.006,1,.01,-.903,-.01,.429);es="Linear";ed="In";};["NeckN"]={cf=cfr(0,0,0,.882,-.21,-.422,.195,.978,-.078,.429,-.014,.903);es="Linear";ed="In";};["HeadN"]={cf=cfr(0,0,0,.874,-.243,-.42,.233,.97,-.075,.426,-.032,.904);es="Linear";ed="In";};["ScopeN"]={cf=cfr(0,0,0,1,0,0,0,1,0,0,0,1);es="Linear";ed="In";};["MouthN"]={cf=cfr(0,0,0,.997,0,.077,0,1,0,-.077,0,.997);es="Linear";ed="In";};["LShoulderN"]={cf=cfr(0,0,0,1,0,0,0,1,0,0,0,1);es="Linear";ed="In";};["LShoulderJ"]={cf=cfr(0,0,0,.746,.572,-.34,-.66,.573,-.486,-.084,.587,.805);es="Linear";ed="In";};["LArmJ"]={cf=cfr(0,0,0,.643,-.766,.008,.766,.643,-.001,-.004,.007,1);es="Linear";ed="In";};["LHandN"]={cf=cfr(-.006,-.001,-.001,1,-.011,0,.011,1,-.001,0,.001,1);es="Linear";ed="In";};["LThumbNa"]={cf=cfr(0,0,0,.972,.236,-.013,-.226,.912,-.342,-.069,.336,.94);es="Linear";ed="In";};["LThumbNb"]={cf=cfr(0,0,0,.939,.343,-.013,-.344,.938,-.034,.001,.036,.999);es="Linear";ed="In";};["L3rdNa"]={cf=cfr(0,0,0,1,.002,.002,-.001,.855,-.519,-.003,.519,.855);es="Linear";ed="In";};["L3rdNb"]={cf=cfr(0,0,0,1,-.001,-.001,0,.852,-.523,.001,.523,.852);es="Linear";ed="In";};["L2ndNa"]={cf=cfr(0,0,0,1,.002,-.004,-.003,.851,-.525,.002,.525,.851);es="Linear";ed="In";};["L2ndNb"]={cf=cfr(0,0,0,1,-.001,-.001,0,.853,-.523,.001,.523,.853);es="Linear";ed="In";};["L1stNa"]={cf=cfr(0,0,0,1,-.009,.004,.01,.847,-.531,.002,.531,.847);es="Linear";ed="In";};["L1stNb"]={cf=cfr(0,0,0,1,0,-.001,-.001,.853,-.523,.001,.523,.853);es="Linear";ed="In";};["LHandNb"]={cf=cfr(.026,-.005,.016,1,.001,-.003,-.001,1,.001,.003,-.001,1);es="Linear";ed="In";};["L4thNa"]={cf=cfr(0,0,0,1,.009,-.008,-.012,.858,-.514,.002,.514,.858);es="Linear";ed="In";};["L4thNb"]={cf=cfr(0,0,0,1,0,-.001,-.001,.852,-.523,.001,.523,.852);es="Linear";ed="In";};["LASabN"]={cf=cfr(-.126,.328,-.001,.983,.046,.178,-.054,.998,.041,-.176,-.05,.983);es="Linear";ed="In";};["LSSabN"]={cf=cfr(0,0,0,.986,0,.166,0,1,.002,-.166,-.002,.986);es="Linear";ed="In";};["BackN"]={cf=cfr(0,0,0,1,0,0,0,1,0,0,0,1);es="Linear";ed="In";};["ReflectorN"]={cf=cfr(0,0,0,1,0,0,0,1,0,0,0,1);es="Linear";ed="In";};["TailNa"]={cf=cfr(0,0,0,.914,.372,.163,-.118,.627,-.77,-.389,.684,.617);es="Linear";ed="In";};["TailNb"]={cf=cfr(0,0,0,1,0,0,0,.995,-.103,0,.103,.995);es="Linear";ed="In";};["TailNc"]={cf=cfr(0,0,0,1,0,0,0,.995,-.105,0,.105,.995);es="Linear";ed="In";};["LSSabN_end"]={cf=cfr(2.845,-3.316,.749,-.335,.872,-.357,-.665,.049,.745,.667,.487,.563);es="Linear";ed="In";};["FaceM_end"]={cf=cfr(0,0,0,1,0,0,0,1,0,0,0,1);es="Linear";ed="In";};["BlasterM_end"]={cf=cfr(0,0,0,1,0,0,0,1,0,0,0,1);es="Linear";ed="In";};["L2ndNb_end"]={cf=cfr(-6.777,-6.543,9.682,-.814,-.283,.507,.567,-.194,.801,-.128,.939,.318);es="Linear";ed="In";};["RThumbNb_end"]={cf=cfr(5.341,-2.699,-.498,.922,-.359,.144,.386,.848,-.362,.008,.389,.921);es="Linear";ed="In";};["FacePattern"]={cf=cfr(0,0,0,1,0,0,0,1,0,0,0,1);es="Linear";ed="In";};["EyeYellowM"]={cf=cfr(0,0,0,1,0,0,0,1,0,0,0,1);es="Linear";ed="In";};["LThumbNb_end"]={cf=cfr(-.517,-10.80,4.12,-.997,-.066,.03,.068,-.706,.705,-.026,.706,.708);es="Linear";ed="In";};["ReflectorN_end"]={cf=cfr(-.839,-1.982,1.214,-.069,-.378,-.923,-.274,.897,-.347,.959,.229,-.166);es="Linear";ed="In";};["RHaveN"]={cf=cfr(-4.642,1.412,-3.981,.881,.465,.088,-.467,.884,.004,-.076,-.045,.996);es="Linear";ed="In";};["ThrowN_end"]={cf=cfr(0,0,0,1,0,0,0,1,0,0,0,1);es="Linear";ed="In";};["BlasterM"]={cf=cfr(0,0,0,1,0,0,0,1,0,0,0,1);es="Linear";ed="In";};["BlinkHalfM"]={cf=cfr(0,0,0,1,0,0,0,1,0,0,0,1);es="Linear";ed="In";};["R4thNb_end"]={cf=cfr(3.995,2.803,1.583,.996,.075,-.045,.088,-.799,.595,.009,-.597,-.802);es="Linear";ed="In";};["RSSabN_end"]={cf=cfr(1.89,1.136,1.979,.387,-.831,-.399,.921,.368,.127,.041,-.417,.908);es="Linear";ed="In";};["BackN_end"]={cf=cfr(-2.269,-1.85,.86,-.294,-.346,-.891,.102,.915,-.389,.95,-.205,-.234);es="Linear";ed="In";};["OuchM"]={cf=cfr(0,0,0,1,0,0,0,1,0,0,0,1);es="Linear";ed="In";};["BlinkM_end"]={cf=cfr(0,0,0,1,0,0,0,1,0,0,0,1);es="Linear";ed="In";};["OuchM_end"]={cf=cfr(0,0,0,1,0,0,0,1,0,0,0,1);es="Linear";ed="In";};["LHandNb_end"]={cf=cfr(.123,-10.24,-2.883,.528,-.192,-.827,-.323,-.946,.013,-.785,.26,-.562);es="Linear";ed="In";};["FitFox00.ao"]={cf=cfr(0,0,0,1,0,0,0,1,0,0,0,1);es="Linear";ed="In";};["RootNode"]={cf=cfr(0,0,0,-1,0,0,0,1,0,0,0,-1);es="Linear";ed="In";};["LToeN_end"]={cf=cfr(3.37,-4.351,.791,-.451,.876,-.17,-.888,-.46,-.018,-.094,.142,.985);es="Linear";ed="In";};["TailNc_end"]={cf=cfr(4.541,3.37,.228,.649,.199,.735,.524,.584,-.62,-.552,.787,.275);es="Linear";ed="In";};["RHaveN_end"]={cf=cfr(0,0,0,1,0,0,0,1,0,0,0,1);es="Linear";ed="In";};["R1stNb_end"]={cf=cfr(3.986,-5.004,1.025,.996,.076,-.042,-.073,.994,.076,.047,-.073,.996);es="Linear";ed="In";};["LHaveN_end"]={cf=cfr(0,0,0,1,0,0,0,1,0,0,0,1);es="Linear";ed="In";};["LHaveN"]={cf=cfr(8.566,-1.711,-6.398,-.826,.304,-.475,.491,.802,-.341,.277,-.514,-.812);es="Linear";ed="In";};["FaceM"]={cf=cfr(0,0,0,1,0,0,0,1,0,0,0,1);es="Linear";ed="In";};["ScopeN_end"]={cf=cfr(-.398,.65,2.535,.954,-.163,-.254,.15,.986,-.07,.261,.028,.965);es="Linear";ed="In";};["L1stNb_end"]={cf=cfr(-6.16,-10.46,5.975,-.816,-.283,.504,.558,-.617,.555,.154,.734,.661);es="Linear";ed="In";};["RHandNb_end"]={cf=cfr(-.822,-5.091,4.065,.986,-.126,-.108,.107,.98,-.169,.128,.155,.98);es="Linear";ed="In";};["RToeN_end"]={cf=cfr(-1.69,2.628,.025,-.867,-.499,-.004,.499,-.866,-.017,.005,-.017,1);es="Linear";ed="In";};["RASabN_end"]={cf=cfr(4.455,-2.203,3.347,.883,-.311,-.352,.328,.945,-.012,.336,-.105,.936);es="Linear";ed="In";};["R2ndNb_end"]={cf=cfr(3.986,-4.485,2.19,.996,.071,-.061,-.047,.941,.336,.081,-.332,.94);es="Linear";ed="In";};["LASabN_end"]={cf=cfr(-.146,-7.492,-.49,-.803,.556,.213,-.387,-.759,.524,.454,.338,.824);es="Linear";ed="In";};["ThrowN"]={cf=cfr(-.282,0,0,1,0,0,0,1,0,0,0,1);es="Linear";ed="In";};["L4thNb_end"]={cf=cfr(-7.999,9.137,2.179,-.812,-.278,.514,-.283,.957,.071,-.511,-.088,-.855);es="Linear";ed="In";};["MouthN_end"]={cf=cfr(-.007,.638,-2.134,.939,.151,-.309,-.187,.978,-.09,.288,.142,.947);es="Linear";ed="In";};};{tm=.171;["BlinkM"]={cf=cfr(0,0,0,1,0,0,0,1,0,0,0,1);es="Linear";ed="In";};["BlinkHalfM_end"]={cf=cfr(0,0,0,1,0,0,0,1,0,0,0,1);es="Linear";ed="In";};["R3rdNb_end"]={cf=cfr(3.984,1.774,3.039,.996,.076,-.04,.073,-.49,.869,.047,-.869,-.493);es="Linear";ed="In";};["EyeYellowM_end"]={cf=cfr(0,0,0,1,0,0,0,1,0,0,0,1);es="Linear";ed="In";};["L3rdNb_end"]={cf=cfr(-7.332,5.698,8.755,-.812,-.277,.514,.124,.779,.615,-.571,.563,-.598);es="Linear";ed="In";};["FitFox00.mo"]={cf=cfr(0,0,0,1,0,0,0,1,0,0,0,1);es="Linear";ed="In";};["TopN"]={cf=cfr(0,0,0,1,0,0,0,1,0,0,0,1);es="Linear";ed="In";};["TransN"]={cf=cfr(-1.75,0,0,1,0,0,0,1,0,0,0,1);es="Linear";ed="In";};["XRotN"]={cf=cfr(.282,0,0,1,0,0,0,1,0,0,0,1);es="Linear";ed="In";};["YRotN"]={cf=cfr(0,0,0,1,0,0,0,1,0,0,0,1);es="Linear";ed="In";};["HipN"]={cf=cfr(-.514,1.459,.657,.821,-.07,-.566,-.34,.736,-.585,.458,.673,.581);es="Linear";ed="In";};["LLegJ"]={cf=cfr(0,0,0,.769,.627,-.126,-.355,.582,.732,.532,-.518,.67);es="Linear";ed="In";};["LKneeJ"]={cf=cfr(0,0,0,.366,-.201,.909,-.085,.965,.248,-.927,-.168,.337);es="Linear";ed="In";};["LFootJ"]={cf=cfr(-.037,-.013,.005,.993,.098,.062,-.1,.995,.029,-.058,-.035,.998);es="Linear";ed="In";};["LToeN"]={cf=cfr(0,0,0,.694,-.002,-.72,.047,.998,.043,.719,-.063,.693);es="Linear";ed="In";};["RLegJ"]={cf=cfr(0,0,0,.806,-.035,.591,-.283,.854,.436,-.52,-.519,.678);es="Linear";ed="In";};["RKneeJ"]={cf=cfr(.018,0,0,.996,.031,-.085,-.029,.999,.014,.085,-.012,.996);es="Linear";ed="In";};["RFootJ"]={cf=cfr(.196,.046,.024,.056,-.004,.998,-.276,.961,.02,-.96,-.277,.052);es="Linear";ed="In";};["RToeN"]={cf=cfr(0,0,0,1,.002,-.001,-.002,1,-.001,.001,.001,1);es="Linear";ed="In";};["WaistN"]={cf=cfr(0,0,0,.947,.314,.07,-.321,.934,.156,-.016,-.17,.985);es="Linear";ed="In";};["BustN"]={cf=cfr(0,0,0,.892,.444,.086,-.452,.883,.128,-.019,-.154,.988);es="Linear";ed="In";};["RShoulderN"]={cf=cfr(0,0,0,1,-.013,.013,.012,.996,.088,-.014,-.088,.996);es="Linear";ed="In";};["RShoulderJ"]={cf=cfr(0,0,0,.912,.355,.207,-.246,.875,-.418,-.33,.33,.885);es="Linear";ed="In";};["RArmJ"]={cf=cfr(0,0,0,.913,-.408,.005,.408,.913,-.003,-.003,.005,1);es="Linear";ed="In";};["