-- // converted using mech's animoduler
local cfr = CFrame.new

return {{tm=0;["BlinkM"]={cf=cfr(0,0,0,1,0,0,0,1,0,0,0,1);es="Linear";ed="In";};["BlinkHalfM_end"]={cf=cfr(0,0,0,1,0,0,0,1,0,0,0,1);es="Linear";ed="In";};["R3rdNb_end"]={cf=cfr(-1.158,1.618,-3.028,.428,.887,.175,.431,-.37,.823,.794,-.277,-.541);es="Linear";ed="In";};["EyeYellowM_end"]={cf=cfr(0,0,0,1,0,0,0,1,0,0,0,1);es="Linear";ed="In";};["L3rdNb_end"]={cf=cfr(2.839,-2.937,8.043,.122,.875,.468,.797,-.367,.479,.591,.315,-.742);es="Linear";ed="In";};["FitFox00.mo"]={cf=cfr(0,0,0,1,0,0,0,1,0,0,0,1);es="Linear";ed="In";};["TopN"]={cf=cfr(0,0,0,1,0,0,0,1,0,0,0,1);es="Linear";ed="In";};["TransN"]={cf=cfr(0,0,0,1,0,0,0,1,0,0,0,1);es="Linear";ed="In";};["XRotN"]={cf=cfr(.282,0,0,1,0,0,0,1,0,0,0,1);es="Linear";ed="In";};["YRotN"]={cf=cfr(0,0,0,1,0,0,0,1,0,0,0,1);es="Linear";ed="In";};["HipN"]={cf=cfr(.947,.6,2.574,.39,-.911,.131,.885,.41,.22,-.255,.03,.967);es="Linear";ed="In";};["LLegJ"]={cf=cfr(0,0,0,.604,.769,-.209,-.758,.636,.145,.244,.071,.967);es="Linear";ed="In";};["LKneeJ"]={cf=cfr(0,0,0,.039,.212,.976,.026,.977,-.213,-.999,.033,.032);es="Linear";ed="In";};["LFootJ"]={cf=cfr(-.057,-.016,.008,.845,-.099,-.526,.021,.988,-.152,.535,.118,.837);es="Linear";ed="In";};["LToeN"]={cf=cfr(0,0,0,.625,.012,-.781,.044,.998,.05,.779,-.065,.623);es="Linear";ed="In";};["RLegJ"]={cf=cfr(0,0,0,.004,-.543,-.84,-.09,.836,-.541,.996,.078,-.046);es="Linear";ed="In";};["RKneeJ"]={cf=cfr(0,0,0,.495,-.104,.863,.257,.966,-.031,-.83,.237,.505);es="Linear";ed="In";};["RFootJ"]={cf=cfr(0,0,0,.861,-.364,.354,.344,.931,.12,-.374,.018,.927);es="Linear";ed="In";};["RToeN"]={cf=cfr(0,0,0,1,0,.012,0,1,-.001,-.012,.001,1);es="Linear";ed="In";};["WaistN"]={cf=cfr(0,0,0,.951,.049,.305,-.004,.989,-.146,-.309,.138,.941);es="Linear";ed="In";};["BustN"]={cf=cfr(0,0,0,.948,.093,.305,-.015,.968,-.249,-.318,.231,.919);es="Linear";ed="In";};["RShoulderN"]={cf=cfr(0,0,0,.988,-.146,-.047,.15,.984,.098,.032,-.104,.994);es="Linear";ed="In";};["RShoulderJ"]={cf=cfr(0,0,0,.932,-.166,-.322,-.049,.823,-.566,.359,.544,.759);es="Linear";ed="In";};["RArmJ"]={cf=cfr(0,0,0,-.021,-1,-.001,1,-.021,.001,-.001,-.001,1);es="Linear";ed="In";};["RHandN"]={cf=cfr(.005,.001,.001,.771,.089,-.631,-.012,.992,.124,.637,-.088,.766);es="Linear";ed="In";};["RThumbNa"]={cf=cfr(0,0,0,.99,-.051,.133,.081,.969,-.231,-.117,.24,.964);es="Linear";ed="In";};["RThumbNb"]={cf=cfr(0,0,0,.847,.501,-.175,-.498,.865,.067,.185,.03,.982);es="Linear";ed="In";};["R2ndNa"]={cf=cfr(0,0,0,1,-.002,.016,.011,.793,-.609,-.011,.609,.793);es="Linear";ed="In";};["R2ndNb"]={cf=cfr(0,0,0,1,.001,.002,0,.719,-.695,-.002,.695,.719);es="Linear";ed="In";};["R1stNa"]={cf=cfr(0,0,0,1,.005,-.002,-.006,.9,-.435,-.001,.435,.901);es="Linear";ed="In";};["R1stNb"]={cf=cfr(0,0,0,1,.001,.002,0,.719,-.695,-.002,.695,.719);es="Linear";ed="In";};["R3rdNa"]={cf=cfr(0,0,0,1,.002,-.005,-.005,.673,-.74,.002,.74,.673);es="Linear";ed="In";};["R3rdNb"]={cf=cfr(0,0,0,1,.001,.002,.002,-.1,-.995,-.001,.995,-.1);es="Linear";ed="In";};["R4thNa"]={cf=cfr(0,0,0,1,.004,-.01,-.011,.579,-.815,.002,.815,.579);es="Linear";ed="In";};["R4thNb"]={cf=cfr(0,0,0,1,.001,.002,.002,-.264,-.964,-.001,.964,-.264);es="Linear";ed="In";};["RHandNb"]={cf=cfr(.02,0,-.006,.977,-.212,.034,.214,.975,-.063,-.02,.069,.997);es="Linear";ed="In";};["RASabN"]={cf=cfr(.004,-.595,0,.898,.2,.393,-.195,.979,-.053,-.395,-.029,.918);es="Linear";ed="In";};["RSSabN"]={cf=cfr(0,0,0,.927,-.001,.375,-.001,1,.004,-.375,-.004,.927);es="Linear";ed="In";};["NeckN"]={cf=cfr(0,0,0,.852,.289,-.437,-.361,.928,-.091,.379,.235,.895);es="Linear";ed="In";};["HeadN"]={cf=cfr(0,0,0,.884,.468,-.019,-.466,.883,.056,.043,-.041,.998);es="Linear";ed="In";};["ScopeN"]={cf=cfr(0,0,0,1,0,0,0,1,0,0,0,1);es="Linear";ed="In";};["MouthN"]={cf=cfr(0,0,0,.996,0,.089,0,1,0,-.089,0,.996);es="Linear";ed="In";};["LShoulderN"]={cf=cfr(0,0,0,.998,-.06,-.011,.061,.998,.023,.009,-.024,1);es="Linear";ed="In";};["LShoulderJ"]={cf=cfr(0,0,0,.747,-.207,-.632,-.241,.802,-.547,.62,.561,.549);es="Linear";ed="In";};["LArmJ"]={cf=cfr(0,0,0,-.31,-.951,-.002,.951,-.31,.001,-.002,-.001,1);es="Linear";ed="In";};["LHandN"]={cf=cfr(-.006,-.001,-.001,.915,-.286,-.286,.158,.904,-.397,.372,.318,.872);es="Linear";ed="In";};["LThumbNa"]={cf=cfr(0,0,0,.994,-.014,.106,.053,.924,-.379,-.092,.383,.919);es="Linear";ed="In";};["LThumbNb"]={cf=cfr(0,0,0,.893,.45,-.001,-.45,.893,0,.001,0,1);es="Linear";ed="In";};["L3rdNa"]={cf=cfr(0,0,0,1,-.002,.003,.003,.903,-.43,-.001,.43,.903);es="Linear";ed="In";};["L3rdNb"]={cf=cfr(0,0,0,1,-.001,-.001,-.001,-.042,-.999,.001,.999,-.042);es="Linear";ed="In";};["L2ndNa"]={cf=cfr(0,0,0,1,-.003,.005,.005,.854,-.521,-.002,.521,.854);es="Linear";ed="In";};["L2ndNb"]={cf=cfr(0,0,0,1,-.001,-.001,0,.681,-.733,.001,.733,.681);es="Linear";ed="In";};["L1stNa"]={cf=cfr(0,0,0,1,.011,-.005,-.012,.968,-.252,.002,.252,.968);es="Linear";ed="In";};["L1stNb"]={cf=cfr(0,0,0,1,0,-.001,-.001,.686,-.728,.001,.728,.686);es="Linear";ed="In";};["L4thNa"]={cf=cfr(0,0,0,1,-.007,.013,.014,.534,-.846,-.001,.846,.534);es="Linear";ed="In";};["L4thNb"]={cf=cfr(0,0,0,1,0,-.001,-.001,.088,-.996,0,.996,.088);es="Linear";ed="In";};["LHandNb"]={cf=cfr(.035,-.008,.008,.928,.361,-.09,-.366,.93,-.045,.068,.075,.995);es="Linear";ed="In";};["LASabN"]={cf=cfr(.095,.667,0,.777,.208,.594,-.105,.973,-.204,-.621,.095,.778);es="Linear";ed="In";};["LSSabN"]={cf=cfr(0,0,0,.717,-.003,.697,-.003,1,.008,-.697,-.008,.717);es="Linear";ed="In";};["BackN"]={cf=cfr(0,0,0,1,0,0,0,1,0,0,0,1);es="Linear";ed="In";};["ReflectorN"]={cf=cfr(0,0,0,1,0,0,0,1,0,0,0,1);es="Linear";ed="In";};["TailNa"]={cf=cfr(0,0,0,.707,.634,.313,-.684,.726,.072,-.181,-.265,.947);es="Linear";ed="In";};["TailNb"]={cf=cfr(0,0,0,.984,.176,0,-.112,.63,.768,.135,-.756,.64);es="Linear";ed="In";};["TailNc"]={cf=cfr(0,0,0,.982,.191,0,-.13,.667,.734,.14,-.721,.679);es="Linear";ed="In";};["LSSabN_end"]={cf=cfr(2.267,-.574,-2.05,.752,.258,-.607,-.017,.927,.374,.659,-.271,.702);es="Linear";ed="In";};["FaceM_end"]={cf=cfr(0,0,0,1,0,0,0,1,0,0,0,1);es="Linear";ed="In";};["BlasterM_end"]={cf=cfr(0,0,0,1,0,0,0,1,0,0,0,1);es="Linear";ed="In";};["L2ndNb_end"]={cf=cfr(3.18,-9.095,1.49,.108,.88,.463,-.177,-.442,.88,.978,-.177,.108);es="Linear";ed="In";};["FacePattern"]={cf=cfr(0,0,0,1,0,0,0,1,0,0,0,1);es="Linear";ed="In";};["EyeYellowM"]={cf=cfr(0,0,0,1,0,0,0,1,0,0,0,1);es="Linear";ed="In";};["ReflectorN_end"]={cf=cfr(.593,-2.703,.268,.737,-.196,-.647,.007,.959,-.282,.676,.204,.709);es="Linear";ed="In";};["RHaveN"]={cf=cfr(-1.053,-3.689,1.624,.461,.363,.81,-.017,.916,-.4,-.887,.171,.428);es="Linear";ed="In";};["ThrowN_end"]={cf=cfr(0,0,0,1,0,0,0,1,0,0,0,1);es="Linear";ed="In";};["BlasterM"]={cf=cfr(0,0,0,1,0,0,0,1,0,0,0,1);es="Linear";ed="In";};["LThumbNb_end"]={cf=cfr(6.44,-4.478,-2.593,.25,.968,-.025,-.529,.158,.834,.811,-.195,.551);es="Linear";ed="In";};["R4thNb_end"]={cf=cfr(-.879,.003,-4.033,.429,.887,.17,.715,-.448,.537,.553,-.109,-.826);es="Linear";ed="In";};["BlinkHalfM"]={cf=cfr(0,0,0,1,0,0,0,1,0,0,0,1);es="Linear";ed="In";};["RThumbNb_end"]={cf=cfr(-.682,-2.793,3.437,.758,.598,.26,-.569,.802,-.184,-.319,-.008,.948);es="Linear";ed="In";};["L4thNb_end"]={cf=cfr(2.53,2.576,7.46,.132,.878,.46,.989,-.089,-.114,-.059,.47,-.881);es="Linear";ed="In";};["OuchM"]={cf=cfr(0,0,0,1,0,0,0,1,0,0,0,1);es="Linear";ed="In";};["LASabN_end"]={cf=cfr(2.311,-2.542,-2.694,.516,.83,-.211,-.589,.522,.617,.622,-.194,.758);es="Linear";ed="In";};["BackN_end"]={cf=cfr(.346,-2.055,-.119,.737,-.577,-.352,.36,.776,-.518,.572,.255,.78);es="Linear";ed="In";};["R2ndNb_end"]={cf=cfr(-1.457,1.394,2.919,.431,.889,.155,-.834,.327,.445,.345,-.321,.882);es="Linear";ed="In";};["FitFox00.ao"]={cf=cfr(0,0,0,1,0,0,0,1,0,0,0,1);es="Linear";ed="In";};["BlinkM_end"]={cf=cfr(0,0,0,1,0,0,0,1,0,0,0,1);es="Linear";ed="In";};["OuchM_end"]={cf=cfr(0,0,0,1,0,0,0,1,0,0,0,1);es="Linear";ed="In";};["LHandNb_end"]={cf=cfr(4.033,-4.971,1.352,.495,.632,-.596,-.825,.127,-.551,-.272,.764,.584);es="Linear";ed="In";};["RToeN_end"]={cf=cfr(-.159,2.827,.62,-.15,-.988,-.035,.976,-.142,-.163,.156,-.059,.986);es="Linear";ed="In";};["RHandNb_end"]={cf=cfr(-3.813,-1.193,1.573,.972,.227,.066,-.078,.573,-.816,-.223,.788,.574);es="Linear";ed="In";};["RHaveN_end"]={cf=cfr(0,0,0,1,0,0,0,1,0,0,0,1);es="Linear";ed="In";};["TailNc_end"]={cf=cfr(1.26,1.512,1.673,.816,-.054,.576,.578,.125,-.807,-.028,.991,.133);es="Linear";ed="In";};["LHaveN_end"]={cf=cfr(0,0,0,1,0,0,0,1,0,0,0,1);es="Linear";ed="In";};["FaceM"]={cf=cfr(0,0,0,1,0,0,0,1,0,0,0,1);es="Linear";ed="In";};["ScopeN_end"]={cf=cfr(-.899,.782,3.539,.993,.01,-.116,-.009,1,.015,.116,-.014,.993);es="Linear";ed="In";};["L1stNb_end"]={cf=cfr(3.405,-8.5,-2.442,.096,.882,.462,-.613,-.313,.725,.784,-.353,.511);es="Linear";ed="In";};["LHaveN"]={cf=cfr(5.47,4.212,1.71,-.158,.508,.847,-.455,.723,-.519,-.876,-.468,.117);es="Linear";ed="In";};["R1stNb_end"]={cf=cfr(-1.506,.178,3.391,.428,.887,.173,-.898,.396,.189,.099,-.237,.967);es="Linear";ed="In";};["LToeN_end"]={cf=cfr(3.423,-1.579,.427,.416,.902,-.116,-.9,.39,-.197,-.132,.187,.974);es="Linear";ed="In";};["RASabN_end"]={cf=cfr(.072,-.416,4.402,.737,.585,-.339,-.59,.801,.101,.331,.126,.935);es="Linear";ed="In";};["RootNode"]={cf=cfr(0,0,0,-1,0,0,0,1,0,0,0,-1);es="Linear";ed="In";};["ThrowN"]={cf=cfr(-.282,0,0,1,0,0,0,1,0,0,0,1);es="Linear";ed="In";};["RSSabN_end"]={cf=cfr(.007,1.165,3.139,.87,.236,-.433,-.068,.927,.369,.488,-.291,.823);es="Linear";ed="In";};["MouthN_end"]={cf=cfr(.22,1.267,-3.257,.988,-.011,-.157,-.002,.997,-.082,.157,.081,.984);es="Linear";ed="In";};};{tm=.042;["BlinkM"]={cf=cfr(0,0,0,1,0,0,0,1,0,0,0,1);es="Linear";ed="In";};["BlinkHalfM_end"]={cf=cfr(0,0,0,1,0,0,0,1,0,0,0,1);es="Linear";ed="In";};["R3rdNb_end"]={cf=cfr(-1.158,1.618,-3.028,.428,.887,.175,.431,-.37,.823,.794,-.277,-.541);es="Linear";ed="In";};["EyeYellowM_end"]={cf=cfr(0,0,0,1,0,0,0,1,0,0,0,1);es="Linear";ed="In";};["L3rdNb_end"]={cf=cfr(2.839,-2.937,8.043,.122,.875,.468,.797,-.367,.479,.591,.315,-.742);es="Linear";ed="In";};["FitFox00.mo"]={cf=cfr(0,0,0,1,0,0,0,1,0,0,0,1);es="Linear";ed="In";};["TopN"]={cf=cfr(0,0,0,1,0,0,0,1,0,0,0,1);es="Linear";ed="In";};["TransN"]={cf=cfr(0,0,0,1,0,0,0,1,0,0,0,1);es="Linear";ed="In";};["XRotN"]={cf=cfr(.282,0,0,1,0,0,0,1,0,0,0,1);es="Linear";ed="In";};["YRotN"]={cf=cfr(0,0,0,1,0,0,0,1,0,0,0,1);es="Linear";ed="In";};["HipN"]={cf=cfr(1.116,.153,3.069,.75,-.519,.409,.454,.855,.252,-.48,-.003,.877);es="Linear";ed="In";};["LLegJ"]={cf=cfr(0,0,0,.132,.893,-.429,-.494,.435,.753,.859,.112,.499);es="Linear";ed="In";};["LKneeJ"]={cf=cfr(0,0,0,-.476,.103,.873,.177,.984,-.02,-.861,.145,-.487);es="Linear";ed="In";};["LFootJ"]={cf=cfr(-.055,-.016,.008,.774,-.317,-.548,.467,.87,.156,.428,-.377,.821);es="Linear";ed="In";};["LToeN"]={cf=cfr(0,0,0,.786,-.002,-.618,.032,.999,.038,.617,-.049,.785);es="Linear";ed="In";};["RLegJ"]={cf=cfr(0,0,0,-.501,-.273,-.821,-.014,.951,-.308,.865,-.143,-.481);es="Linear";ed="In";};["RKneeJ"]={cf=cfr(0,0,0,-.119,-.044,.992,.081,.995,.054,-.99,.087,-.115);es="Linear";ed="In";};["RFootJ"]={cf=cfr(.001,0,0,.987,-.145,.068,.147,.989,-.024,-.064,.034,.997);es="Linear";ed="In";};["RToeN"]={cf=cfr(0,0,0,.996,0,-.09,.001,1,.013,.09,-.013,.996);es="Linear";ed="In";};["WaistN"]={cf=cfr(0,0,0,.871,.194,.451,-.07,.959,-.276,-.486,.208,.849);es="Linear";ed="In";};["BustN"]={cf=cfr(0,0,0,.913,.18,.367,-.099,.968,-.23,-.397,.174,.901);es="Linear";ed="In";};["RShoulderN"]={cf=cfr(0,0,0,1,.001,0,-.001,1,0,0,0,1);es="Linear";ed="In";};["RShoulderJ"]={cf=cfr(0,0,0,.936,-.014,-.351,-.238,.707,-.665,.258,.707,.659);es="Linear";ed="In";};["RArmJ"]={cf=cfr(0,0,0,-.024,-1,0,1,-.024,.002,-.002,0,1);es="Linear";ed="In";};["RHandN"]={cf=cfr(.005,.001,.001,.294,-.022,-.955,-.025,.999,-.03,.955,.033,.294);es="Linear";ed="In";};["RThumbNa"]={cf=cfr(0,0,0,.966,.163,.201,-.067,.908,-.413,-.25,.385,.888);es="Linear";ed="In";};["RThumbNb"]={cf=cfr(0,0,0,.882,.302,-.361,-.302,.952,.057,.361,.059,.931);es="Linear";ed="In";};["R2ndNa"]={cf=cfr(0,0,0,1,-.002,.015,.013,.561,-.828,-.007,.828,.561);es="Linear";ed="In";};["R2ndNb"]={cf=cfr(0,0,0,1,.001,.002,.001,.502,-.865,-.002,.865,.502);es="Linear";ed="In";};["R1stNa"]={cf=cfr(0,0,0,1,.005,-.001,-.004,.673,-.74,-.003,.74,.673);es="Linear";ed="In";};["R1stNb"]={cf=cfr(0,0,0,1,.001,.002,.001,.502,-.865,-.002,.865,.502);es="Linear";ed="In";};["R3rdNa"]={cf=cfr(0,0,0,1,.002,-.004,-.005,.445,-.896,0,.896,.445);es="Linear";ed="In";};["R3rdNb"]={cf=cfr(0,0,0,1,.001,.002,.001,.241,-.97,-.001,.97,.241);es="Linear";ed="In";};["R4thNa"]={cf=cfr(0,0,0,1,.005,-.01,-.011,.348,-.937,-.001,.937,.348);es="Linear";ed="In";};["R4thNb"]={cf=cfr(0,0,0,1,.001,.002,.001,.19,-.982,-.001,.982,.19);es="Linear";ed="In";};["RHandNb"]={cf=cfr(.02,0,-.006,.995,-.099,.016,.1,.99,-.1,-.006,.101,.995);es="Linear";ed="In";};["RASabN"]={cf=cfr(.003,-.596,0,.903,.2,.38,-.197,.979,-.047,-.382,-.032,.924);es="Linear";ed="In";};["RSSabN"]={cf=cfr(0,0,0,.933,-.001,.36,-.001,1,.005,-.36,-.005,.933);es="Linear";ed="In";};["NeckN"]={cf=cfr(0,0,0,.783,.166,-.599,-.227,.973,-.027,.579,.157,.8);es="Linear";ed="In";};["HeadN"]={cf=cfr(0,0,0,1,-.004,-.001,.004,1,0,.001,0,1);es="Linear";ed="In";};["ScopeN"]={cf=cfr(0,0,0,1,0,0,0,1,0,0,0,1);es="Linear";ed="In";};["MouthN"]={cf=cfr(0,0,0,.994,0,.108,0,1,0,-.108,0,.994);es="Linear";ed="In";};["LShoulderN"]={cf=cfr(0,0,0,1,0,-.009,0,1,0,.009,0,1);es="Linear";ed="In";};["LShoulderJ"]={cf=cfr(0,0,0,.537,-.388,-.749,-.241,.78,-.577,.808,.491,.326);es="Linear";ed="In";};["LArmJ"]={cf=cfr(0,0,0,-.434,-.901,-.004,.901,-.434,.001,-.003,-.003,1);es="Linear";ed="In";};["LHandN"]={cf=cfr(-.006,-.001,-.001,.659,-.201,-.725,-.103,.93,-.352,.745,.307,.592);es="Linear";ed="In";};["LThumbNa"]={cf=cfr(0,0,0,.987,.158,.029,-.137,.922,-.361,-.084,.353,.932);es="Linear";ed="In";};["LThumbNb"]={cf=cfr(0,0,0,.978,.207,-.001,-.207,.978,0,.001,0,1);es="Linear";ed="In";};["L3rdNa"]={cf=cfr(0,0,0,1,-.002,.002,.003,.63,-.777,0,.777,.63);es="Linear";ed="In";};["L3rdNb"]={cf=cfr(0,0,0,1,-.001,-.001,0,.319,-.948,.001,.948,.319);es="Linear";ed="In";};["L2ndNa"]={cf=cfr(0,0,0,1,-.003,.004,.005,.616,-.788,0,.788,.616);es="Linear";ed="In";};["L2ndNb"]={cf=cfr(0,0,0,1,-.001,-.001,0,.541,-.841,.001,.841,.541);es="Linear";ed="In";};["L1stNa"]={cf=cfr(0,0,0,1,.013,-.017,-.022,.694,-.719,.003,.719,.695);es="Linear";ed="In";};["L1stNb"]={cf=cfr(0,0,0,1,0,-.001,-.001,.543,-.84,.001,.84,.543);es="Linear";ed="In";};["L4thNa"]={cf=cfr(0,0,0,1,-.007,.014,.015,.474,-.881,0,.881,.474);es="Linear";ed="In";};["L4thNb"]={cf=cfr(0,0,0,1,0,-.001,-.001,.357,-.934,.001,.934,.357);es="Linear";ed="In";};["LHandNb"]={cf=cfr(.034,-.008,.005,.979,.201,-.015,-.198,.972,.123,.039,-.117,.992);es="Linear";ed="In";};["LASabN"]={cf=cfr(.146,.69,0,.665,.198,.72,0,.964,-.266,-.747,.177,.641);es="Linear";ed="In";};["LSSabN"]={cf=cfr(0,0,0,.483,-.003,.876,-.005,1,.006,-.876,-.007,.482);es="Linear";ed="In";};["BackN"]={cf=cfr(0,0,0,1,0,0,0,1,0,0,0,1);es="Linear";ed="In";};["ReflectorN"]={cf=cfr(0,0,0,1,0,0,0,1,0,0,0,1);es="Linear";ed="In";};["TailNa"]={cf=cfr(0,0,0,.74,.572,.353,-.641,.759,.112,-.204,-.309,.929);es="Linear";ed="In";};["TailNb"]={cf=cfr(0,0,0,1,0,0,0,.466,.885,0,-.885,.466);es="Linear";ed="In";};["TailNc"]={cf=cfr(0,0,0,1,0,0,0,.561,.828,0,-.828,.561);es="Linear";ed="In";};["LSSabN_end"]={cf=cfr(2.267,-.574,-2.05,.752,.258,-.607,-.017,.927,.374,.659,-.271,.702);es="Linear";ed="In";};["FaceM_end"]={cf=cfr(0,0,0,1,0,0,0,1,0,0,0,1);es="Linear";ed="In";};["BlasterM_end"]={cf=cfr(0,0,0,1,0,0,0,1,0,0,0,1);es="Linear";ed="In";};["L2ndNb_end"]={cf=cfr(3.18,-9.095,1.49,.108,.88,.463,-.177,-.442,.88,.978,-.177,.108);es="Linear";ed="In";};["FacePattern"]={cf=cfr(0,0,0,1,0,0,0,1,0,0,0,1);es="Linear";ed="In";};["EyeYellowM"]={cf=cfr(0,0,0,1,0,0,0,1,0,0,0,1);es="Linear";ed="In";};["ReflectorN_end"]={cf=cfr(.593,-2.703,.268,.737,-.196,-.647,.007,.959,-.282,.676,.204,.709);es="Linear";ed="In";};["RHaveN"]={cf=cfr(-1.053,-3.689,1.624,.461,.363,.81,-.017,.916,-.4,-.887,.171,.428);es="Linear";ed="In";};["ThrowN_end"]={cf=cfr(0,0,0,1,0,0,0,1,0,0,0,1);es="Linear";ed="In";};["BlasterM"]={cf=cfr(0,0,0,1,0,0,0,1,0,0,0,1);es="Linear";ed="In";};["LThumbNb_end"]={cf=cfr(6.44,-4.478,-2.593,.25,.968,-.025,-.529,.158,.834,.811,-.195,.551);es="Linear";ed="In";};["R4thNb_end"]={cf=cfr(-.879,.003,-4.033,.429,.887,.17,.715,-.448,.537,.553,-.109,-.826);es="Linear";ed="In";};["BlinkHalfM"]={cf=cfr(0,0,0,1,0,0,0,1,0,0,0,1);es="Linear";ed="In";};["RThumbNb_end"]={cf=cfr(-.682,-2.793,3.437,.758,.598,.26,-.569,.802,-.184,-.319,-.008,.948);es="Linear";ed="In";};["L4thNb_end"]={cf=cfr(2.53,2.576,7.46,.132,.878,.46,.989,-.089,-.114,-.059,.47,-.881);es="Linear";ed="In";};["OuchM"]={cf=cfr(0,0,0,1,0,0,0,1,0,0,0,1);es="Linear";ed="In";};["LASabN_end"]={cf=cfr(2.311,-2.542,-2.694,.516,.83,-.211,-.589,.522,.617,.622,-.194,.758);es="Linear";ed="In";};["BackN_end"]={cf=cfr(.346,-2.055,-.119,.737,-.577,-.352,.36,.776,-.518,.572,.255,.78);es="Linear";ed="In";};["R2ndNb_end"]={cf=cfr(-1.457,1.394,2.919,.431,.889,.155,-.834,.327,.445,.345,-.321,.882);es="Linear";ed="In";};["FitFox00.ao"]={cf=cfr(0,0,0,1,0,0,0,1,0,0,0,1);es="Linear";ed="In";};["BlinkM_end"]={cf=cfr(0,0,0,1,0,0,0,1,0,0,0,1);es="Linear";ed="In";};["OuchM_end"]={cf=cfr(0,0,0,1,0,0,0,1,0,0,0,1);es="Linear";ed="In";};["LHandNb_end"]={cf=cfr(4.033,-4.971,1.352,.495,.632,-.596,-.825,.127,-.551,-.272,.764,.584);es="Linear";ed="In";};["RToeN_end"]={cf=cfr(-.159,2.827,.62,-.15,-.988,-.035,.976,-.142,-.163,.156,-.059,.986);es="Linear";ed="In";};["RHandNb_end"]={cf=cfr(-3.813,-1.193,1.573,.972,.227,.066,-.078,.573,-.816,-.223,.788,.574);es="Linear";ed="In";};["RHaveN_end"]={cf=cfr(0,0,0,1,0,0,0,1,0,0,0,1);es="Linear";ed="In";};["TailNc_end"]={cf=cfr(1.26,1.512,1.673,.816,-.054,.576,.578,.125,-.807,-.028,.991,.133);es="Linear";ed="In";};["LHaveN_end"]={cf=cfr(0,0,0,1,0,0,0,1,0,0,0,1);es="Linear";ed="In";};["FaceM"]={cf=cfr(0,0,0,1,0,0,0,1,0,0,0,1);es="Linear";ed="In";};["ScopeN_end"]={cf=cfr(-.899,.782,3.539,.993,.01,-.116,-.009,1,.015,.116,-.014,.993);es="Linear";ed="In";};["L1stNb_end"]={cf=cfr(3.405,-8.5,-2.442,.096,.882,.462,-.613,-.313,.725,.784,-.353,.511);es="Linear";ed="In";};["LHaveN"]={cf=cfr(5.47,4.212,1.71,-.158,.508,.847,-.455,.723,-.519,-.876,-.468,.117);es="Linear";ed="In";};["R1stNb_end"]={cf=cfr(-1.506,.178,3.391,.428,.887,.173,-.898,.396,.189,.099,-.237,.967);es="Linear";ed="In";};["LToeN_end"]={cf=cfr(3.423,-1.579,.427,.416,.902,-.116,-.9,.39,-.197,-.132,.187,.974);es="Linear";ed="In";};["RASabN_end"]={cf=cfr(.072,-.416,4.402,.737,.585,-.339,-.59,.801,.101,.331,.126,.935);es="Linear";ed="In";};["RootNode"]={cf=cfr(0,0,0,-1,0,0,0,1,0,0,0,-1);es="Linear";ed="In";};["ThrowN"]={cf=cfr(-.282,0,0,1,0,0,0,1,0,0,0,1);es="Linear";ed="In";};["RSSabN_end"]={cf=cfr(.007,1.165,3.139,.87,.236,-.433,-.068,.927,.369,.488,-.291,.823);es="Linear";ed="In";};["MouthN_end"]={cf=cfr(.22,1.267,-3.257,.988,-.011,-.157,-.002,.997,-.082,.157,.081,.984);es="Linear";ed="In";};};{tm=.083;["BlinkM"]={cf=cfr(0,0,0,1,0,0,0,1,0,0,0,1);es="Linear";ed="In";};["BlinkHalfM_end"]={cf=cfr(0,0,0,1,0,0,0,1,0,0,0,1);es="Linear";ed="In";};["R3rdNb_end"]={cf=cfr(-1.158,1.618,-3.028,.428,.887,.175,.431,-.37,.823,.794,-.277,-.541);es="Linear";ed="In";};["EyeYellowM_end"]={cf=cfr(0,0,0,1,0,0,0,1,0,0,0,1);es="Linear";ed="In";};["L3rdNb_end"]={cf=cfr(2.839,-2.937,8.043,.122,.875,.468,.797,-.367,.479,.591,.315,-.742);es="Linear";ed="In";};["FitFox00.mo"]={cf=cfr(0,0,0,1,0,0,0,1,0,0,0,1);es="Linear";ed="In";};["TopN"]={cf=cfr(0,0,0,1,0,0,0,1,0,0,0,1);es="Linear";ed="In";};["TransN"]={cf=cfr(0,0,0,1,0,0,0,1,0,0,0,1);es="Linear";ed="In";};["XRotN"]={cf=cfr(.282,0,0,1,0,0,0,1,0,0,0,1);es="Linear";ed="In";};["YRotN"]={cf=cfr(0,0,0,1,0,0,0,1,0,0,0,1);es="Linear";ed="In";};["HipN"]={cf=cfr(.405,.179,2.892,.697,-.525,.488,.431,.851,.3,-.573,.001,.82);es="Linear";ed="In";};["LLegJ"]={cf=cfr(0,0,0,-.256,.727,-.637,-.227,.595,.771,.94,.342,.013);es="Linear";ed="In";};["LKneeJ"]={cf=cfr(0,0,0,-.603,.086,.793,.091,.995,-.039,-.792,.048,-.608);es="Linear";ed="In";};["LFootJ"]={cf=cfr(-.054,-.016,.008,.798,-.222,-.56,.326,.941,.091,.507,-.255,.823);es="Linear";ed="In";};["LToeN"]={cf=cfr(0,0,0,.972,-.008,-.233,.011,1,.013,.233,-.015,.972);es="Linear";ed="In";};["RLegJ"]={cf=cfr(0,0,0,-.087,-.127,-.988,.156,.978,-.14,.984,-.167,-.065);es="Linear";ed="In";};["RKneeJ"]={cf=cfr(0,0,0,-.427,-.15,.892,.045,.981,.186,-.903,.12,-.412);es="Linear";ed="In";};["RFootJ"]={cf=cfr(.002,0,0,.836,-.267,-.48,.261,.962,-.081,.483,-.058,.874);es="Linear";ed="In";};["RToeN"]={cf=cfr(0,0,0,.902,-.012,-.431,.025,.999,.024,.43,-.032,.902);es="Linear";ed="In";};["WaistN"]={cf=cfr(0,0,0,.849,.232,.475,-.08,.944,-.319,-.522,.233,.82);es="Linear";ed="In";};["BustN"]={cf=cfr(0,0,0,.902,.199,.383,-.11,.964,-.244,-.418,.178,.891);es="Linear";ed="In";};["RShoulderN"]={cf=cfr(0,0,0,1,.024,.007,-.023,1,-.016,-.008,.016,1);es="Linear";ed="In";};["RShoulderJ"]={cf=cfr(0,0,0,.686,.194,-.701,-.621,.659,-.425,.379,.727,.572);es="Linear";ed="In";};["RArmJ"]={cf=cfr(0,0,0,.691,-.723,.002,.723,.691,0,-.002,.001,1);es="Linear";ed="In";};["RHandN"]={cf=cfr(.005,.001,.001,.75,-.055,-.659,.015,.998,-.066,.661,.039,.749);es="Linear";ed="In";};["RThumbNa"]={cf=cfr(0,0,0,.946,.251,.204,-.12,.858,-.5,-.301,.448,.842);es="Linear";ed="In";};["RThumbNb"]={cf=cfr(0,0,0,.873,.207,-.441,-.219,.975,.024,.435,.075,.897);es="Linear";ed="In";};["R2ndNa"]={cf=cfr(0,0,0,1,-.001,.014,.013,.435,-.9,-.005,.901,.435);es="Linear";ed="In";};["R2ndNb"]={cf=cfr(0,0,0,1,.001,.002,.001,.39,-.921,-.002,.921,.39);es="Linear";ed="In";};["R1stNa"]={cf=cfr(0,0,0,1,.005,-.001,-.004,.535,-.845,-.004,.845,.535);es="Linear";ed="In";};["R1stNb"]={cf=cfr(0,0,0,1,.001,.002,.001,.39,-.921,-.002,.921,.39);es="Linear";ed="In";};["R3rdNa"]={cf=cfr(0,0,0,1,.002,-.004,-.004,.329,-.944,-.001,.944,.329);es="Linear";ed="In";};["R3rdNb"]={cf=cfr(0,0,0,1,.001,.002,.001,.39,-.921,-.002,.921,.39);es="Linear";ed="In";};["R4thNa"]={cf=cfr(0,0,0,1,.005,-.011,-.012,.234,-.972,-.002,.972,.234);es="Linear";ed="In";};["R4thNb"]={cf=cfr(0,0,0,1,.001,.002,.001,.39,-.921,-.002,.921,.39);es="Linear";ed="In";};["RHandNb"]={cf=cfr(.02,0,-.006,1,-.024,.001,.024,.998,-.056,.001,.056,.998);es="Linear";ed="In";};["RASabN"]={cf=cfr(.127,-.298,0,.767,.037,.64,-.002,.998,-.055,-.641,.041,.766);es="Linear";ed="In";};["RSSabN"]={cf=cfr(0,0,0,.757,-.002,.653,-.002,1,.005,-.653,-.006,.757);es="Linear";ed="In";};["NeckN"]={cf=cfr(0,0,0,.523,.038,-.852,-.09,.996,-.011,.848,.082,.524);es="Linear";ed="In";};["HeadN"]={cf=cfr(0,0,0,.998,-.07,.004,.07,.998,-.008,-.004,.008,1);es="Linear";ed="In";};["ScopeN"]={cf=cfr(0,0,0,1,0,0,0,1,0,0,0,1);es="Linear";ed="In";};["MouthN"]={cf=cfr(0,0,0,.989,0,.147,0,1,0,-.147,0,.989);es="Linear";ed="In";};["LShoulderN"]={cf=cfr(0,0,0,1,0,-.007,0,1,-.001,.007,.001,1);es="Linear";ed="In";};["LShoulderJ"]={cf=cfr(0,0,0,.447,-.101,-.889,-.475,.815,-.332,.758,.57,.316);es="Linear";ed="In";};["LArmJ"]={cf=cfr(0,0,0,.505,-.863,-.001,.863,.505,.003,-.002,-.003,1);es="Linear";ed="In";};["LHandN"]={cf=cfr(-.006,-.001,-.001,.874,-.026,-.484,-.076,.979,-.189,.479,.203,.854);es="Linear";ed="In";};["LThumbNa"]={cf=cfr(0,0,0,.972,.235,0,-.221,.913,-.343,-.081,.333,.939);es="Linear";ed="In";};["LThumbNb"]={cf=cfr(0,0,0,.996,.091,-.001,-.091,.996,0,.001,0,1);es="Linear";ed="In";};["L3rdNa"]={cf=cfr(0,0,0,1,-.002,.002,.003,.461,-.887,.001,.887,.461);es="Linear";ed="In";};["L3rdNb"]={cf=cfr(0,0,0,1,-.001,-.001,0,.472,-.882,.001,.882,.472);es="Linear";ed="In";};["L2ndNa"]={cf=cfr(0,0,0,1,-.003,.003,.004,.479,-.878,.002,.878,.479);es="Linear";ed="In";};["L2ndNb"]={cf=cfr(0,0,0,1,-.001,-.001,0,.472,-.882,.001,.882,.472);es="Linear";ed="In";};["L1stNa"]={cf=cfr(0,0,0,1,.014,-.024,-.028,.497,-.868,0,.868,.497);es="Linear";ed="In";};["L1stNb"]={cf=cfr(0,0,0,1,0,-.001,-.001,.472,-.882,.001,.882,.472);es="Linear";ed="In";};["L4thNa"]={cf=cfr(0,0,0,1,-.008,.015,.017,.465,-.885,0,.885,.465);es="Linear";ed="In";};["L4thNb"]={cf=cfr(0,0,0,1,0,-.001,-.001,.472,-.882,.001,.882,.472);es="Linear";ed="In";};["LHandNb"]={cf=cfr(.034,-.008,.003,.996,.088,.001,-.088,.992,.091,.007,-.09,.996);es="Linear";ed="In";};["LASabN"]={cf=cfr(-.115,.345,0,.487,.108,.867,.076,.983,-.166,-.87,.147,.471);es="Linear";ed="In";};["LSSabN"]={cf=cfr(0,0,0,.417,-.003,.909,-.005,1,.006,-.909,-.007,.417);es="Linear";ed="In";};["BackN"]={cf=cfr(0,0,0,1,0,0,0,1,0,0,0,1);es="Linear";ed="In";};["ReflectorN"]={cf=cfr(0,0,0,1,0,0,0,1,0,0,0,1);es="Linear";ed="In";};["TailNa"]={cf=cfr(0,0,0,.723,.637,.269,-.646,.761,-.063,-.245,-.128,.961);es="Linear";ed="In";};["TailNb"]={cf=cfr(0,0,0,1,0,0,0,.551,.834,0,-.834,.551);es="Linear";ed="In";};["TailNc"]={cf=cfr(0,0,0,1,0,0,0,.687,.727,0,-.727,.687);es="Linear";ed="In";};["LSSabN_end"]={cf=cfr(2.267,-.574,-2.05,.752,.258,-.607,-.017,.927,.374,.659,-.271,.702);es="Linear";ed="In";};["FaceM_end"]={cf=cfr(0,0,0,1,0,0,0,1,0,0,0,1);es="Linear";ed="In";};["BlasterM_end"]={cf=cfr(0,0,0,1,0,0,0,1,0,0,0,1);es="Linear";ed="In";};["L2ndNb_end"]={cf=cfr(3.18,-9.095,1.49,.108,.88,.463,-.177,-.442,.88,.978,-.177,.108);es="Linear";ed="In";};["FacePattern"]={cf=cfr(0,0,0,1,0,0,0,1,0,0,0,1);es="Linear";ed="In";};["EyeYellowM"]={cf=cfr(0,0,0,1,0,0,0,1,0,0,0,1);es="Linear";ed="In";};["ReflectorN_end"]={cf=cfr(.593,-2.703,.268,.737,-.196,-.647,.007,.959,-.282,.676,.204,.709);es="Linear";ed="In";};["RHaveN"]={cf=cfr(-1.053,-3.689,1.624,.461,.363,.81,-.017,.916,-.4,-.887,.171,.428);es="Linear";ed="In";};["ThrowN_end"]={cf=cfr(0,0,0,1,0,0,0,1,0,0,0,1);es="Linear";ed="In";};["BlasterM"]={cf=cfr(0,0,0,1,0,0,0,1,0,0,0,1);es="Linear";ed="In";};["LThumbNb_end"]={cf=cfr(6.44,-4.478,-2.593,.25,.968,-.025,-.529,.158,.834,.811,-.195,.551);es="Linear";ed="In";};["R4thNb_end"]={cf=cfr(-.879,.003,-4.033,.429,.887,.17,.715,-.448,.537,.553,-.109,-.826);es="Linear";ed="In";};["BlinkHalfM"]={cf=cfr(0,0,0,1,0,0,0,1,0,0,0,1);es="Linear";ed="In";};["RThumbNb_end"]={cf=cfr(-.682,-2.793,3.437,.758,.598,.26,-.569,.802,-.184,-.319,-.008,.948);es="Linear";ed="In";};["L4thNb_end"]={cf=cfr(2.53,2.576,7.46,.132,.878,.46,.989,-.089,-.114,-.059,.47,-.881);es="Linear";ed="In";};["OuchM"]={cf=cfr(0,0,0,1,0,0,0,1,0,0,0,1);es="Linear";ed="In";};["LASabN_end"]={cf=cfr(2.311,-2.542,-2.694,.516,.83,-.211,-.589,.522,.617,.622,-.194,.758);es="Linear";ed="In";};["BackN_end"]={cf=cfr(.346,-2.055,-.119,.737,-.577,-.352,.36,.776,-.518,.572,.255,.78);es="Linear";ed="In";};["R2ndNb_end"]={cf=cfr(-1.457,1.394,2.919,.431,.889,.155,-.834,.327,.445,.345,-.321,.882);es="Linear";ed="In";};["FitFox00.ao"]={cf=cfr(0,0,0,1,0,0,0,1,0,0,0,1);es="Linear";ed="In";};["BlinkM_end"]={cf=cfr(0,0,0,1,0,0,0,1,0,0,0,1);es="Linear";ed="In";};["OuchM_end"]={cf=cfr(0,0,0,1,0,0,0,1,0,0,0,1);es="Linear";ed="In";};["LHandNb_end"]={cf=cfr(4.033,-4.971,1.352,.495,.632,-.596,-.825,.127,-.551,-.272,.764,.584);es="Linear";ed="In";};["RToeN_end"]={cf=cfr(-.159,2.827,.62,-.15,-.988,-.035,.976,-.142,-.163,.156,-.059,.986);es="Linear";ed="In";};["RHandNb_end"]={cf=cfr(-3.813,-1.193,1.573,.972,.227,.066,-.078,.573,-.816,-.223,.788,.574);es="Linear";ed="In";};["RHaveN_end"]={cf=cfr(0,0,0,1,0,0,0,1,0,0,0,1);es="Linear";ed="In";};["TailNc_end"]={cf=cfr(1.26,1.512,1.673,.816,-.054,.576,.578,.125,-.807,-.028,.991,.133);es="Linear";ed="In";};["LHaveN_end"]={cf=cfr(0,0,0,1,0,0,0,1,0,0,0,1);es="Linear";ed="In";};["FaceM"]={cf=cfr(0,0,0,1,0,0,0,1,0,0,0,1);es="Linear";ed="In";};["ScopeN_end"]={cf=cfr(-.899,.782,3.539,.993,.01,-.116,-.009,1,.015,.116,-.014,.993);es="Linear";ed="In";};["L1stNb_end"]={cf=cfr(3.405,-8.5,-2.442,.096,.882,.462,-.613,-.313,.725,.784,-.353,.511);es="Linear";ed="In";};["LHaveN"]={cf=cfr(5.47,4.212,1.71,-.158,.508,.847,-.455,.723,-.519,-.876,-.468,.117);es="Linear";ed="In";};["R1stNb_end"]={cf=cfr(-1.506,.178,3.391,.428,.887,.173,-.898,.396,.189,.099,-.237,.967);es="Linear";ed="In";};["LToeN_end"]={cf=cfr(3.423,-1.579,.427,.416,.902,-.116,-.9,.39,-.197,-.132,.187,.974);es="Linear";ed="In";};["RASabN_end"]={cf=cfr(.072,-.416,4.402,.737,.585,-.339,-.59,.801,.101,.331,.126,.935);es="Linear";ed="In";};["RootNode"]={cf=cfr(0,0,0,-1,0,0,0,1,0,0,0,-1);es="Linear";ed="In";};["ThrowN"]={cf=cfr(-.282,0,0,1,0,0,0,1,0,0,0,1);es="Linear";ed="In";};["RSSabN_end"]={cf=cfr(.007,1.165,3.139,.87,.236,-.433,-.068,.927,.369,.488,-.291,.823);es="Linear";ed="In";};["MouthN_end"]={cf=cfr(.22,1.267,-3.257,.988,-.011,-.157,-.002,.997,-.082,.157,.081,.984);es="Linear";ed="In";};};{tm=.125;["BlinkM"]={cf=cfr(0,0,0,1,0,0,0,1,0,0,0,1);es="Linear";ed="In";};["BlinkHalfM_end"]={cf=cfr(0,0,0,1,0,0,0,1,0,0,0,1);es="Linear";ed="In";};["R3rdNb_end"]={cf=cfr(-1.158,1.618,-3.028,.428,.887,.175,.431,-.37,.823,.794,-.277,-.541);es="Linear";ed="In";};["EyeYellowM_end"]={cf=cfr(0,0,0,1,0,0,0,1,0,0,0,1);es="Linear";ed="In";};["L3rdNb_end"]={cf=cfr(2.839,-2.937,8.043,.122,.875,.468,.797,-.367,.479,.591,.315,-.742);es="Linear";ed="In";};["FitFox00.mo"]={cf=cfr(0,0,0,1,0,0,0,1,0,0,0,1);es="Linear";ed="In";};["TopN"]={cf=cfr(0,0,0,1,0,0,0,1,0,0,0,1);es="Linear";ed="In";};["TransN"]={cf=cfr(0,0,0,1,0,0,0,1,0,0,0,1);es="Linear";ed="In";};["XRotN"]={cf=cfr(.282,0,0,1,0,0,0,1,0,0,0,1);es="Linear";ed="In";};["YRotN"]={cf=cfr(0,0,0,1,0,0,0,1,0,0,0,1);es="Linear";ed="In";};["HipN"]={cf=cfr(-.306,.186,2.716,.633,-.535,.559,.401,.845,.354,-.662,0,.749);es="Linear";ed="In";};["LLegJ"]={cf=cfr(0,0,0,-.342,.623,-.703,-.2,.683,.702,.918,.381,-.109);es="Linear";ed="In";};["LKneeJ"]={cf=cfr(0,0,0,-.542,.112,.833,.085,.993,-.078,-.836,.028,-.548);es="Linear";ed="In";};["LFootJ"]={cf=cfr(-.052,-.016,.008,.772,-.162,-.614,.245,.968,.052,.586,-.191,.788);es="Linear";ed="In";};["LToeN"]={cf=cfr(0,0,0,1,0,-.002,0,1,0,.002,0,1);es="Linear";ed="In";};["RLegJ"]={cf=cfr(0,0,0,.697,.021,-.717,.217,.947,.239,.683,-.322,.655);es="Linear";ed="In";};["RKneeJ"]={cf=cfr(0,0,0,.136,-.327,.935,.141,.941,.308,-.981,.09,.174);es="Linear";ed="In";};["RFootJ"]={cf=cfr(.004,0,0,.724,-.203,-.66,.11,.977,-.18,.681,.058,.73);es="Linear";ed="In";};["RToeN"]={cf=cfr(0,0,0,.774,-.013,-.633,.041,.999,.03,.632,-.049,.774);es="Linear";ed="In";};["WaistN"]={cf=cfr(0,0,0,.86,.23,.456,-.079,.942,-.326,-.505,.245,.828);es="Linear";ed="In";};["BustN"]={cf=cfr(0,0,0,.905,.194,.38,-.094,.96,-.265,-.416,.204,.886);es="Linear";ed="In";};["RShoulderN"]={cf=cfr(0,0,0,1,.001,0,-.001,1,0,0,0,1);es="Linear";ed="In";};["RShoulderJ"]={cf=cfr(0,0,0,.327,.39,-.861,-.804,.594,-.037,.497,.704,.508);es="Linear";ed="In";};["RArmJ"]={cf=cfr(0,0,0,1,0,0,0,1,0,0,0,1);es="Linear";ed="In";};["RHandN"]={cf=cfr(.005,.001,.001,1,0,-.005,0,1,.002,.005,-.002,1);es="Linear";ed="In";};["RThumbNa"]={cf=cfr(0,0,0,.945,.251,.212,-.116,.858,-.5,-.307,.448,.84);es="Linear";ed="In";};["RThumbNb"]={cf=cfr(0,0,0,.873,.207,-.442,-.22,.975,.022,.435,.078,.897);es="Linear";ed="In";};["R2ndNa"]={cf=cfr(0,0,0,1,-.001,.013,.013,.434,-.901,-.005,.901,.434);es="Linear";ed="In";};["R2ndNb"]={cf=cfr(0,0,0,1,.001,.002,.001,.389,-.921,-.002,.921,.389);es="Linear";ed="In";};["R1stNa"]={cf=cfr(0,0,0,1,.005,-.001,-.003,.535,-.845,-.004,.845,.535);es="Linear";ed="In";};["R1stNb"]={cf=cfr(0,0,0,1,.001,.002,.001,.389,-.921,-.002,.921,.389);es="Linear";ed="In";};["R3rdNa"]={cf=cfr(0,0,0,1,.002,-.003,-.004,.328,-.945,-.001,.945,.328);es="Linear";ed="In";};["R3rdNb"]={cf=cfr(0,0,0,1,.001,.002,.001,.389,-.921,-.002,.921,.389);es="Linear";ed="In";};["R4thNa"]={cf=cfr(0,0,0,1,.005,-.011,-.012,.233,-.972,-.002,.973,.233);es="Linear";ed="In";};["R4thNb"]={cf=cfr(0,0,0,1,.001,.002,.001,.389,-.921,-.002,.921,.389);es="Linear";ed="In";};["RHandNb"]={cf=cfr(.02,0,-.006,1,-.002,0,.002,1,0,0,0,1);es="Linear";ed="In";};["RASabN"]={cf=cfr(0,0,0,.507,-.164,.846,.165,.982,.091,-.846,.094,.525);es="Linear";ed="In";};["RSSabN"]={cf=cfr(0,0,0,.523,-.003,.852,-.004,1,.006,-.852,-.007,.523);es="Linear";ed="In";};["NeckN"]={cf=cfr(0,0,0,.224,-.015,-.974,.015,1,-.012,.974,-.012,.225);es="Linear";ed="In";};["HeadN"]={cf=cfr(0,0,0,1,-.004,.001,.004,1,0,-.001,0,1);es="Linear";ed="In";};["ScopeN"]={cf=cfr(0,0,0,1,0,0,0,1,0,0,0,1);es="Linear";ed="In";};["MouthN"]={cf=cfr(0,0,0,.983,0,.185,0,1,0,-.185,0,.983);es="Linear";ed="In";};["LShoulderN"]={cf=cfr(0,0,0,1,0,-.005,0,1,-.001,.005,.001,1);es="Linear";ed="In";};["LShoulderJ"]={cf=cfr(0,0,0,.316,.227,-.921,-.691,.721,-.059,.651,.655,.384);es="Linear";ed="In";};["LArmJ"]={cf=cfr(0,0,0,1,0,-.002,0,1,.001,.002,-.001,1);es="Linear";ed="In";};["LHandN"]={cf=cfr(-.006,-.001,-.001,1,-.001,-.002,.001,1,-.002,.002,.002,1);es="Linear";ed="In";};["LThumbNa"]={cf=cfr(0,0,0,.972,.235,-.002,-.222,.914,-.339,-.078,.33,.941);es="Linear";ed="In";};["LThumbNb"]={cf=cfr(0,0,0,.996,.091,-.001,-.091,.996,0,.001,0,1);es="Linear";ed="In";};["L3rdNa"]={cf=cfr(0,0,0,1,-.002,.002,.003,.462,-.887,.001,.887,.462);es="Linear";ed="In";};["L3rdNb"]={cf=cfr(0,0,0,1,-.001,-.001,0,.473,-.881,.001,.881,.473);es="Linear";ed="In";};["L2ndNa"]={cf=cfr(0,0,0,1,-.003,.002,.003,.48,-.877,.002,.877,.48);es="Linear";ed="In";};["L2ndNb"]={cf=cfr(0,0,0,1,-.001,-.001,0,.473,-.881,.001,.881,.473);es="Linear";ed="In";};["L1stNa"]={cf=cfr(0,0,0,1,.014,-.025,-.029,.497,-.867,0,.868,.497);es="Linear";ed="In";};["L1stNb"]={cf=cfr(0,0,0,1,0,-.001,-.001,.473,-.881,.001,.881,.473);es="Linear";ed="In";};["L4thNa"]={cf=cfr(0,0,0,1,-.008,.016,.018,.457,-.89,0,.89,.457);es="Linear";ed="In";};["L4thNb"]={cf=cfr(0,0,0,1,0,-.001,-.001,.473,-.881,.001,.881,.473);es="Linear";ed="In";};["LHandNb"]={cf=cfr(.034,-.008,0,1,-.004,-.001,.004,1,.001,.001,-.001,1);es="Linear";ed="In";};["LASabN"]={cf=cfr(0,0,0,.395,-.141,.908,.179,.981,.074,-.901,.134,.413);es="Linear";ed="In";};["LSSabN"]={cf=cfr(0,0,0,.432,-.003,.902,-.005,1,.006,-.902,-.007,.432);es="Linear";ed="In";};["BackN"]={cf=cfr(0,0,0,1,0,0,0,1,0,0,0,1);es="Linear";ed="In";};["ReflectorN"]={cf=cfr(0,0,0,1,0,0,0,1,0,0,0,1);es="Linear";ed="In";};["TailNa"]={cf=cfr(0,0,0,.787,.606,.12,-.523,.757,-.393,-.329,.246,.912);es="Linear";ed="In";};["TailNb"]={cf=cfr(0,0,0,1,0,0,0,.724,.69,0,-.69,.724);es="Linear";ed="In";};["TailNc"]={cf=cfr(0,0,0,1,0,0,0,.795,.607,0,-.607,.795);es="Linear";ed="In";};["LSSabN_end"]={cf=cfr(2.267,-.574,-2.05,.752,.258,-.607,-.017,.927,.374,.659,-.271,.702);es="Linear";ed="In";};["FaceM_end"]={cf=cfr(0,0,0,1,0,0,0,1,0,0,0,1);es="Linear";ed="In";};["BlasterM_end"]={cf=cfr(0,0,0,1,0,0,0,1,0,0,0,1);es="Linear";ed="In";};["L2ndNb_end"]={cf=cfr(3.18,-9.095,1.49,.108,.88,.463,-.177,-.442,.88,.978,-.177,.108);es="Linear";ed="In";};["FacePattern"]={cf=cfr(0,0,0,1,0,0,0,1,0,0,0,1);es="Linear";ed="In";};["EyeYellowM"]={cf=cfr(0,0,0,1,0,0,0,1,0,0,0,1);es="Linear";ed="In";};["ReflectorN_end"]={cf=cfr(.593,-2.703,.268,.737,-.196,-.647,.007,.959,-.282,.676,.204,.709);es="Linear";ed="In";};["RHaveN"]={cf=cfr(-1.053,-3.689,1.624,.461,.363,.81,-.017,.916,-.4,-.887,.171,.428);es="Linear";ed="In";};["ThrowN_end"]={cf=cfr(0,0,0,1,0,0,0,1,0,0,0,1);es="Linear";ed="In";};["BlasterM"]={cf=cfr(0,0,0,1,0,0,0,1,0,0,0,1);es="Linear";ed="In";};["LThumbNb_end"]={cf=cfr(6.44,-4.478,-2.593,.25,.968,-.025,-.529,.158,.834,.811,-.195,.551);es="Linear";ed="In";};["R4thNb_end"]={cf=cfr(-.879,.003,-4.033,.429,.887,.17,.715,-.448,.537,.553,-.109,-.826);es="Linear";ed="In";};["BlinkHalfM"]={cf=cfr(0,0,0,1,0,0,0,1,0,0,0,1);es="Linear";ed="In";};["RThumbNb_end"]={cf=cfr(-.682,-2.793,3.437,.758,.598,.26,-.569,.802,-.184,-.319,-.008,.948);es="Linear";ed="In";};["L4thNb_end"]={cf=cfr(2.53,2.576,7.46,.132,.878,.46,.989,-.089,-.114,-.059,.47,-.881);es="Linear";ed="In";};["OuchM"]={cf=cfr(0,0,0,1,0,0,0,1,0,0,0,1);es="Linear";ed="In";};["LASabN_end"]={cf=cfr(2.311,-2.542,-2.694,.516,.83,-.211,-.589,.522,.617,.622,-.194,.758);es="Linear";ed="In";};["BackN_end"]={cf=cfr(.346,-2.055,-.119,.737,-.577,-.352,.36,.776,-.518,.572,.255,.78);es="Linear";ed="In";};["R2ndNb_end"]={cf=cfr(-1.457,1.394,2.919,.431,.889,.155,-.834,.327,.445,.345,-.321,.882);es="Linear";ed="In";};["FitFox00.ao"]={cf=cfr(0,0,0,1,0,0,0,1,0,0,0,1);es="Linear";ed="In";};["BlinkM_end"]={cf=cfr(0,0,0,1,0,0,0,1,0,0,0,1);es="Linear";ed="In";};["OuchM_end"]={cf=cfr(0,0,0,1,0,0,0,1,0,0,0,1);es="Linear";ed="In";};["LHandNb_end"]={cf=cfr(4.033,-4.971,1.352,.495,.632,-.596,-.825,.127,-.551,-.272,.764,.584);es="Linear";ed="In";};["RToeN_end"]={cf=cfr(-.159,2.827,.62,-.15,-.988,-.035,.976,-.142,-.163,.156,-.059,.986);es="Linear";ed="In";};["RHandNb_end"]={cf=cfr(-3.813,-1.193,1.573,.972,.227,.066,-.078,.573,-.816,-.223,.788,.574);es="Linear";ed="In";};["RHaveN_end"]={cf=cfr(0,0,0,1,0,0,0,1,0,0,0,1);es="Linear";ed="In";};["TailNc_end"]={cf=cfr(1.26,1.512,1.673,.816,-.054,.576,.578,.125,-.807,-.028,.991,.133);es="Linear";ed="In";};["LHaveN_end"]={cf=cfr(0,0,0,1,0,0,0,1,0,0,0,1);es="Linear";ed="In";};["FaceM"]={cf=cfr(0,0,0,1,0,0,0,1,0,0,0,1);es="Linear";ed="In";};["ScopeN_end"]={cf=cfr(-.899,.782,3.539,.993,.01,-.116,-.009,1,.015,.116,-.014,.993);es="Linear";ed="In";};["L1stNb_end"]={cf=cfr(3.405,-8.5,-2.442,.096,.882,.462,-.613,-.313,.725,.784,-.353,.511);es="Linear";ed="In";};["LHaveN"]={cf=cfr(5.47,4.212,1.71,-.158,.508,.847,-.455,.723,-.519,-.876,-.468,.117);es="Linear";ed="In";};["R1stNb_end"]={cf=cfr(-1.506,.178,3.391,.428,.887,.173,-.898,.396,.189,.099,-.237,.967);es="Linear";ed="In";};["LToeN_end"]={cf=cfr(3.423,-1.579,.427,.416,.902,-.116,-.9,.39,-.197,-.132,.187,.974);es="Linear";ed="In";};["RASabN_end"]={cf=cfr(.072,-.416,4.402,.737,.585,-.339,-.59,.801,.101,.331,.126,.935);es="Linear";ed="In";};["RootNode"]={cf=cfr(0,0,0,-1,0,0,0,1,0,0,0,-1);es="Linear";ed="In";};["ThrowN"]={cf=cfr(-.282,0,0,1,0,0,0,1,0,0,0,1);es="Linear";ed="In";};["RSSabN_end"]={cf=cfr(.007,1.165,3.139,.87,.236,-.433,-.068,.927,.369,.488,-.291,.823);es="Linear";ed="In";};["MouthN_end"]={cf=cfr(.22,1.267,-3.257,.988,-.011,-.157,-.002,.997,-.082,.157,.081,.984);es="Linear";ed="In";};};{tm=.167;["BlinkM"]={cf=cfr(0,0,0,1,0,0,0,1,0,0,0,1);es="Linear";ed="In";};["BlinkHalfM_end"]={cf=cfr(0,0,0,1,0,0,0,1,0,0,0,1);es="Linear";ed="In";};["R3rdNb_end"]={cf=cfr(-1.158,1.618,-3.028,.428,.887,.175,.431,-.37,.823,.794,-.277,-.541);es="Linear";ed="In";};["EyeYellowM_end"]={cf=cfr(0,0,0,1,0,0,0,1,0,0,0,1);es="Linear";ed="In";};["L3rdNb_end"]={cf=cfr(2.839,-2.937,8.043,.122,.875,.468,.797,-.367,.479,.591,.315,-.742);es="Linear";ed="In";};["FitFox00.mo"]={cf=cfr(0,0,0,1,0,0,0,1,0,0,0,1);es="Linear";ed="In";};["TopN"]={cf=cfr(0,0,0,1,0,0,0,1,0,0,0,1);es="Linear";ed="In";};["TransN"]={cf=cfr(0,0,0,1,0,0,0,1,0,0,0,1);es="Linear";ed="In";};["XRotN"]={cf=cfr(.282,0,0,1,0,0,0,1,0,0,0,1);es="Linear";ed="In";};["YRotN"]={cf=cfr(0,0,0,1,0,0,0,1,0,0,0,1);es="Linear";ed="In";};["HipN"]={cf=cfr(-.405,.192,2.233,.641,-.544,.542,.414,.839,.353,-.646,-.002,.763);es="Linear";ed="In";};["LLegJ"]={cf=cfr(0,0,0,-.65,.484,-.586,-.04,.748,.662,.759,.454,-.467);es="Linear";ed="In";};["LKneeJ"]={cf=cfr(0,0,0,-.156,.057,.986,.03,.998,-.053,-.987,.021,-.157);es="Linear";ed="In";};["LFootJ"]={cf=cfr(-.051,-.016,.008,.98,-.115,-.16,.136,.982,.132,.142,-.152,.978);es="Linear";ed="In";};["LToeN"]={cf=cfr(0,0,0,1,.003,-.002,-.003,1,-.002,.002,.002,1);es="Linear";ed="In";};["RLegJ"]={cf=cfr(0,0,0,.958,-.06,-.279,.169,.907,.386,.23,-.417,.879);es="Linear";ed="In";};["RKneeJ"]={cf=cfr(0,0,0,.648,-.354,.674,.265,.935,.236,-.714,.025,.7);es="Linear";ed="In";};["RFootJ"]={cf=cfr(.005,0,0,.999,-.042,.031,.047,.983,-.18,-.023,.181,.983);es="Linear";ed="In";};["RToeN"]={cf=cfr(0,0,0,.79,-.013,-.613,.042,.999,.033,.611,-.052,.79);es="Linear";ed="In";};["WaistN"]={cf=cfr(0,0,0,.859,.247,.448,-.097,.938,-.332,-.503,.242,.83);es="Linear";ed="In";};["BustN"]={cf=cfr(0,0,0,.904,.203,.376,-.101,.956,-.274,-.415,.21,.885);es="Linear";ed="In";};["RShoulderN"]={cf=cfr(0,0,0,1,-.002,-.002,.002,1,.004,.002,-.004,1);es="Linear";ed="In";};["RShoulderJ"]={cf=cfr(0,0,0,.255,.488,-.835,-.845,.533,.053,.471,.692,.548);es="Linear";ed="In";};["RArmJ"]={cf=cfr(0,0,0,.969,.246,0,-.246,.969,-.001,-.001,0,1);es="Linear";ed="In";};["RHandN"]={cf=cfr(.005,.001,.001,.994,.008,.112,-.018,.996,.085,-.11,-.087,.99);es="Linear";ed="In";};["RThumbNa"]={cf=cfr(0,0,0,.943,.247,.223,-.106,.859,-.501,-.316,.449,.836);es="Linear";ed="In";};["RThumbNb"]={cf=cfr(0,0,0,.873,.207,-.441,-.22,.975,.023,.435,.077,.897);es="Li