-- // converted using mech's animoduler
local cfr = CFrame.new

return {{tm=0;["BlinkM"]={cf=cfr(0,0,0,1,0,0,0,1,0,0,0,1);es="Linear";ed="In";};["BlinkHalfM_end"]={cf=cfr(0,0,0,1,0,0,0,1,0,0,0,1);es="Linear";ed="In";};["R3rdNb_end"]={cf=cfr(3.984,1.774,3.039,.996,.076,-.04,.073,-.49,.869,.047,-.869,-.493);es="Linear";ed="In";};["EyeYellowM_end"]={cf=cfr(0,0,0,1,0,0,0,1,0,0,0,1);es="Linear";ed="In";};["L3rdNb_end"]={cf=cfr(-7.332,5.698,8.755,-.812,-.277,.514,.124,.779,.615,-.571,.563,-.598);es="Linear";ed="In";};["FitFox00.mo"]={cf=cfr(0,0,0,1,0,0,0,1,0,0,0,1);es="Linear";ed="In";};["TopN"]={cf=cfr(0,0,0,1,0,0,0,1,0,0,0,1);es="Linear";ed="In";};["TransN"]={cf=cfr(0,0,0,1,0,0,0,1,0,0,0,1);es="Linear";ed="In";};["XRotN"]={cf=cfr(.282,0,0,1,0,0,0,1,0,0,0,1);es="Linear";ed="In";};["YRotN"]={cf=cfr(0,0,0,1,0,0,0,1,0,0,0,1);es="Linear";ed="In";};["HipN"]={cf=cfr(.095,-.004,.297,.975,0,-.223,0,1,0,.223,0,.975);es="Linear";ed="In";};["LLegJ"]={cf=cfr(0,0,0,.997,-.021,.076,.027,.996,-.089,-.074,.09,.993);es="Linear";ed="In";};["LKneeJ"]={cf=cfr(0,0,0,.48,.059,.875,-.027,.998,-.052,-.877,.001,.481);es="Linear";ed="In";};["LFootJ"]={cf=cfr(-.057,-.016,.008,.999,-.001,-.046,.006,.995,.101,.046,-.102,.994);es="Linear";ed="In";};["LToeN"]={cf=cfr(0,0,0,1,0,0,0,1,0,0,0,1);es="Linear";ed="In";};["RLegJ"]={cf=cfr(0,0,0,.533,.085,-.842,-.017,.996,.09,.846,-.034,.532);es="Linear";ed="In";};["RKneeJ"]={cf=cfr(0,0,0,.146,.089,.985,-.104,.992,-.075,-.984,-.092,.154);es="Linear";ed="In";};["RFootJ"]={cf=cfr(.062,-.001,-.008,.99,.128,.064,-.127,.991,-.03,-.067,.022,.998);es="Linear";ed="In";};["RToeN"]={cf=cfr(0,0,0,1,0,0,0,1,0,0,0,1);es="Linear";ed="In";};["WaistN"]={cf=cfr(0,0,0,.975,-.215,-.052,.213,.976,-.033,.058,.021,.998);es="Linear";ed="In";};["BustN"]={cf=cfr(0,0,0,.823,-.169,.543,.22,.975,-.03,-.524,.144,.839);es="Linear";ed="In";};["RShoulderN"]={cf=cfr(0,0,0,.996,-.051,.066,.019,.912,.411,-.081,-.408,.909);es="Linear";ed="In";};["RShoulderJ"]={cf=cfr(0,0,0,.743,.475,-.471,-.537,.844,.005,.4,.249,.882);es="Linear";ed="In";};["RArmJ"]={cf=cfr(0,0,0,.713,-.702,.006,.702,.713,-.003,-.003,.007,1);es="Linear";ed="In";};["RHandN"]={cf=cfr(.008,.001,.002,.94,-.34,.004,.34,.94,0,-.004,.001,1);es="Linear";ed="In";};["RThumbNa"]={cf=cfr(0,0,0,.782,.068,.62,.255,.872,-.418,-.569,.484,.665);es="Linear";ed="In";};["RThumbNb"]={cf=cfr(0,0,0,.903,.068,-.424,-.11,.991,-.074,.416,.114,.902);es="Linear";ed="In";};["R2ndNa"]={cf=cfr(0,0,0,1,.003,.004,.002,.43,-.903,-.004,.903,.43);es="Linear";ed="In";};["R2ndNb"]={cf=cfr(0,0,0,1,.003,.004,.003,.381,-.925,-.004,.925,.381);es="Linear";ed="In";};["R1stNa"]={cf=cfr(0,0,0,1,.002,.004,.002,.54,-.841,-.004,.841,.54);es="Linear";ed="In";};["R1stNb"]={cf=cfr(0,0,0,1,.003,.004,.003,.381,-.925,-.004,.925,.381);es="Linear";ed="In";};["R3rdNa"]={cf=cfr(0,0,0,1,.003,.004,.003,.313,-.95,-.004,.95,.313);es="Linear";ed="In";};["R3rdNb"]={cf=cfr(0,0,0,1,.003,.004,.003,.381,-.925,-.004,.925,.381);es="Linear";ed="In";};["RHandNb"]={cf=cfr(-.007,.002,-.031,.996,.073,-.044,-.084,.944,-.319,.019,.322,.947);es="Linear";ed="In";};["R4thNa"]={cf=cfr(0,0,0,1,.004,.004,.003,.209,-.978,-.005,.978,.209);es="Linear";ed="In";};["R4thNb"]={cf=cfr(0,0,0,1,.003,.004,.003,.381,-.925,-.004,.925,.381);es="Linear";ed="In";};["RASabN"]={cf=cfr(.127,-.289,.001,.845,.293,.447,-.258,.956,-.139,-.468,.003,.884);es="Linear";ed="In";};["RSSabN"]={cf=cfr(0,0,0,.881,-.001,.474,-.001,1,.005,-.474,-.005,.881);es="Linear";ed="In";};["NeckN"]={cf=cfr(0,0,0,.903,.417,.1,-.415,.909,-.041,-.108,-.004,.994);es="Linear";ed="In";};["HeadN"]={cf=cfr(0,0,0,.982,-.077,.17,.083,.996,-.033,-.167,.047,.985);es="Linear";ed="In";};["ScopeN"]={cf=cfr(0,0,0,1,0,0,0,1,0,0,0,1);es="Linear";ed="In";};["MouthN"]={cf=cfr(0,0,0,.987,0,.16,0,1,0,-.16,0,.987);es="Linear";ed="In";};["LShoulderN"]={cf=cfr(0,0,0,.999,-.028,.043,.016,.967,.254,-.049,-.253,.966);es="Linear";ed="In";};["LShoulderJ"]={cf=cfr(0,0,0,.957,-.206,-.204,.13,.934,-.333,.259,.292,.921);es="Linear";ed="In";};["LArmJ"]={cf=cfr(0,0,0,.773,-.634,.008,.634,.773,-.002,-.005,.007,1);es="Linear";ed="In";};["LHandN"]={cf=cfr(-.009,-.001,-.002,.892,-.448,-.064,.441,.892,-.097,.101,.058,.993);es="Linear";ed="In";};["LThumbNa"]={cf=cfr(0,0,0,.971,.237,-.002,-.223,.913,-.342,-.079,.333,.94);es="Linear";ed="In";};["LThumbNb"]={cf=cfr(0,0,0,.996,.091,-.002,-.091,.996,-.001,.002,.001,1);es="Linear";ed="In";};["L3rdNa"]={cf=cfr(0,0,0,1,-.003,-.002,0,.5,-.866,.003,.866,.5);es="Linear";ed="In";};["L3rdNb"]={cf=cfr(0,0,0,1,-.002,-.002,-.001,.5,-.866,.003,.866,.5);es="Linear";ed="In";};["L2ndNa"]={cf=cfr(0,0,0,1,-.003,-.002,0,.5,-.866,.003,.866,.5);es="Linear";ed="In";};["L2ndNb"]={cf=cfr(0,0,0,1,-.002,-.002,0,.5,-.866,.003,.866,.5);es="Linear";ed="In";};["L1stNa"]={cf=cfr(0,0,0,1,-.003,-.002,0,.5,-.866,.003,.866,.5);es="Linear";ed="In";};["L1stNb"]={cf=cfr(0,0,0,1,0,-.003,-.003,.5,-.866,.002,.866,.5);es="Linear";ed="In";};["LHandNb"]={cf=cfr(.017,-.006,.039,.981,.172,-.092,-.195,.9,-.391,.015,.402,.916);es="Linear";ed="In";};["L4thNa"]={cf=cfr(0,0,0,1,-.003,-.002,0,.5,-.866,.003,.866,.5);es="Linear";ed="In";};["L4thNb"]={cf=cfr(0,0,0,1,0,-.003,-.003,.5,-.866,.002,.866,.5);es="Linear";ed="In";};["LASabN"]={cf=cfr(-.124,.251,-.002,.939,.261,.224,-.254,.965,-.062,-.233,.001,.973);es="Linear";ed="In";};["LSSabN"]={cf=cfr(0,0,0,.97,0,.242,0,1,.003,-.242,-.003,.97);es="Linear";ed="In";};["BackN"]={cf=cfr(0,0,0,.85,.526,-.033,-.518,.82,-.243,-.101,.224,.969);es="Linear";ed="In";};["ReflectorN"]={cf=cfr(0,0,0,1,0,0,0,1,0,0,0,1);es="Linear";ed="In";};["TailNa"]={cf=cfr(0,0,0,1,0,0,0,.876,.482,0,-.482,.876);es="Linear";ed="In";};["TailNb"]={cf=cfr(0,0,0,1,0,0,0,.946,.324,0,-.324,.946);es="Linear";ed="In";};["TailNc"]={cf=cfr(0,0,0,1,0,0,0,.922,-.387,0,.387,.922);es="Linear";ed="In";};["LSSabN_end"]={cf=cfr(2.845,-3.316,.749,-.335,.872,-.357,-.665,.049,.745,.667,.487,.563);es="Linear";ed="In";};["FaceM_end"]={cf=cfr(0,0,0,1,0,0,0,1,0,0,0,1);es="Linear";ed="In";};["BlasterM_end"]={cf=cfr(0,0,0,1,0,0,0,1,0,0,0,1);es="Linear";ed="In";};["L2ndNb_end"]={cf=cfr(-6.777,-6.543,9.682,-.814,-.283,.507,.567,-.194,.801,-.128,.939,.318);es="Linear";ed="In";};["RThumbNb_end"]={cf=cfr(5.341,-2.699,-.498,.922,-.359,.144,.386,.848,-.362,.008,.389,.921);es="Linear";ed="In";};["FacePattern"]={cf=cfr(0,0,0,1,0,0,0,1,0,0,0,1);es="Linear";ed="In";};["EyeYellowM"]={cf=cfr(0,0,0,1,0,0,0,1,0,0,0,1);es="Linear";ed="In";};["LThumbNb_end"]={cf=cfr(-.517,-10.80,4.12,-.997,-.066,.03,.068,-.706,.705,-.026,.706,.708);es="Linear";ed="In";};["ReflectorN_end"]={cf=cfr(-.839,-1.982,1.214,-.069,-.378,-.923,-.274,.897,-.347,.959,.229,-.166);es="Linear";ed="In";};["RHaveN"]={cf=cfr(-4.642,1.412,-3.981,.881,.465,.088,-.467,.884,.004,-.076,-.045,.996);es="Linear";ed="In";};["ThrowN_end"]={cf=cfr(0,0,0,1,0,0,0,1,0,0,0,1);es="Linear";ed="In";};["BlasterM"]={cf=cfr(0,0,0,1,0,0,0,1,0,0,0,1);es="Linear";ed="In";};["BlinkHalfM"]={cf=cfr(0,0,0,1,0,0,0,1,0,0,0,1);es="Linear";ed="In";};["R4thNb_end"]={cf=cfr(3.995,2.803,1.583,.996,.075,-.045,.088,-.799,.595,.009,-.597,-.802);es="Linear";ed="In";};["RSSabN_end"]={cf=cfr(1.89,1.136,1.979,.387,-.831,-.399,.921,.368,.127,.041,-.417,.908);es="Linear";ed="In";};["BackN_end"]={cf=cfr(-2.269,-1.85,.86,-.294,-.346,-.891,.102,.915,-.389,.95,-.205,-.234);es="Linear";ed="In";};["OuchM"]={cf=cfr(0,0,0,1,0,0,0,1,0,0,0,1);es="Linear";ed="In";};["BlinkM_end"]={cf=cfr(0,0,0,1,0,0,0,1,0,0,0,1);es="Linear";ed="In";};["OuchM_end"]={cf=cfr(0,0,0,1,0,0,0,1,0,0,0,1);es="Linear";ed="In";};["LHandNb_end"]={cf=cfr(.123,-10.24,-2.883,.528,-.192,-.827,-.323,-.946,.013,-.785,.26,-.562);es="Linear";ed="In";};["FitFox00.ao"]={cf=cfr(0,0,0,1,0,0,0,1,0,0,0,1);es="Linear";ed="In";};["RootNode"]={cf=cfr(0,0,0,-1,0,0,0,1,0,0,0,-1);es="Linear";ed="In";};["LToeN_end"]={cf=cfr(3.37,-4.351,.791,-.451,.876,-.17,-.888,-.46,-.018,-.094,.142,.985);es="Linear";ed="In";};["TailNc_end"]={cf=cfr(4.541,3.37,.228,.649,.199,.735,.524,.584,-.62,-.552,.787,.275);es="Linear";ed="In";};["RHaveN_end"]={cf=cfr(0,0,0,1,0,0,0,1,0,0,0,1);es="Linear";ed="In";};["R1stNb_end"]={cf=cfr(3.986,-5.004,1.025,.996,.076,-.042,-.073,.994,.076,.047,-.073,.996);es="Linear";ed="In";};["LHaveN_end"]={cf=cfr(0,0,0,1,0,0,0,1,0,0,0,1);es="Linear";ed="In";};["LHaveN"]={cf=cfr(8.566,-1.711,-6.398,-.826,.304,-.475,.491,.802,-.341,.277,-.514,-.812);es="Linear";ed="In";};["FaceM"]={cf=cfr(0,0,0,1,0,0,0,1,0,0,0,1);es="Linear";ed="In";};["ScopeN_end"]={cf=cfr(-.398,.65,2.535,.954,-.163,-.254,.15,.986,-.07,.261,.028,.965);es="Linear";ed="In";};["L1stNb_end"]={cf=cfr(-6.16,-10.46,5.975,-.816,-.283,.504,.558,-.617,.555,.154,.734,.661);es="Linear";ed="In";};["RHandNb_end"]={cf=cfr(-.822,-5.091,4.065,.986,-.126,-.108,.107,.98,-.169,.128,.155,.98);es="Linear";ed="In";};["RToeN_end"]={cf=cfr(-1.69,2.628,.025,-.867,-.499,-.004,.499,-.866,-.017,.005,-.017,1);es="Linear";ed="In";};["RASabN_end"]={cf=cfr(4.455,-2.203,3.347,.883,-.311,-.352,.328,.945,-.012,.336,-.105,.936);es="Linear";ed="In";};["R2ndNb_end"]={cf=cfr(3.986,-4.485,2.19,.996,.071,-.061,-.047,.941,.336,.081,-.332,.94);es="Linear";ed="In";};["LASabN_end"]={cf=cfr(-.146,-7.492,-.49,-.803,.556,.213,-.387,-.759,.524,.454,.338,.824);es="Linear";ed="In";};["ThrowN"]={cf=cfr(-.282,0,0,1,0,0,0,1,0,0,0,1);es="Linear";ed="In";};["L4thNb_end"]={cf=cfr(-7.999,9.137,2.179,-.812,-.278,.514,-.283,.957,.071,-.511,-.088,-.855);es="Linear";ed="In";};["MouthN_end"]={cf=cfr(-.007,.638,-2.134,.939,.151,-.309,-.187,.978,-.09,.288,.142,.947);es="Linear";ed="In";};};{tm=.042;["BlinkM"]={cf=cfr(0,0,0,1,0,0,0,1,0,0,0,1);es="Linear";ed="In";};["BlinkHalfM_end"]={cf=cfr(0,0,0,1,0,0,0,1,0,0,0,1);es="Linear";ed="In";};["R3rdNb_end"]={cf=cfr(3.984,1.774,3.039,.996,.076,-.04,.073,-.49,.869,.047,-.869,-.493);es="Linear";ed="In";};["EyeYellowM_end"]={cf=cfr(0,0,0,1,0,0,0,1,0,0,0,1);es="Linear";ed="In";};["L3rdNb_end"]={cf=cfr(-7.332,5.698,8.755,-.812,-.277,.514,.124,.779,.615,-.571,.563,-.598);es="Linear";ed="In";};["FitFox00.mo"]={cf=cfr(0,0,0,1,0,0,0,1,0,0,0,1);es="Linear";ed="In";};["TopN"]={cf=cfr(0,0,0,1,0,0,0,1,0,0,0,1);es="Linear";ed="In";};["TransN"]={cf=cfr(0,0,0,1,0,0,0,1,0,0,0,1);es="Linear";ed="In";};["XRotN"]={cf=cfr(.282,0,0,1,0,0,0,1,0,0,0,1);es="Linear";ed="In";};["YRotN"]={cf=cfr(0,0,0,1,0,0,0,1,0,0,0,1);es="Linear";ed="In";};["HipN"]={cf=cfr(.03,-.004,.287,.975,0,-.223,0,1,0,.223,0,.975);es="Linear";ed="In";};["LLegJ"]={cf=cfr(0,0,0,.999,-.021,.039,.024,.996,-.089,-.037,.09,.995);es="Linear";ed="In";};["LKneeJ"]={cf=cfr(0,0,0,.456,.061,.888,-.027,.998,-.055,-.889,.001,.457);es="Linear";ed="In";};["LFootJ"]={cf=cfr(-.057,-.016,.008,1,-.001,0,.001,.995,.099,0,-.099,.995);es="Linear";ed="In";};["LToeN"]={cf=cfr(0,0,0,1,0,0,0,1,0,0,0,1);es="Linear";ed="In";};["RLegJ"]={cf=cfr(0,0,0,.536,.085,-.84,-.017,.996,.089,.844,-.033,.535);es="Linear";ed="In";};["RKneeJ"]={cf=cfr(0,0,0,.141,.09,.986,-.104,.992,-.075,-.985,-.092,.149);es="Linear";ed="In";};["RFootJ"]={cf=cfr(.062,-.001,-.008,.987,.13,.098,-.127,.991,-.037,-.102,.024,.995);es="Linear";ed="In";};["RToeN"]={cf=cfr(0,0,0,1,0,0,0,1,0,0,0,1);es="Linear";ed="In";};["WaistN"]={cf=cfr(0,0,0,.975,-.215,-.054,.213,.976,-.033,.06,.021,.998);es="Linear";ed="In";};["BustN"]={cf=cfr(0,0,0,.829,-.169,.533,.22,.975,-.033,-.514,.144,.845);es="Linear";ed="In";};["RShoulderN"]={cf=cfr(0,0,0,.996,-.051,.066,.019,.911,.412,-.081,-.409,.909);es="Linear";ed="In";};["RShoulderJ"]={cf=cfr(0,0,0,.736,.487,-.469,-.545,.838,.016,.401,.244,.883);es="Linear";ed="In";};["RArmJ"]={cf=cfr(0,0,0,.708,-.706,.006,.706,.708,-.003,-.003,.006,1);es="Linear";ed="In";};["RHandN"]={cf=cfr(.008,.001,.002,.923,-.384,-.016,.385,.923,.01,.011,-.015,1);es="Linear";ed="In";};["RThumbNa"]={cf=cfr(0,0,0,.782,.068,.62,.255,.872,-.418,-.569,.484,.665);es="Linear";ed="In";};["RThumbNb"]={cf=cfr(0,0,0,.903,.068,-.424,-.11,.991,-.074,.416,.114,.902);es="Linear";ed="In";};["R2ndNa"]={cf=cfr(0,0,0,1,.003,.004,.002,.43,-.903,-.004,.903,.43);es="Linear";ed="In";};["R2ndNb"]={cf=cfr(0,0,0,1,.003,.004,.003,.381,-.925,-.004,.925,.381);es="Linear";ed="In";};["R1stNa"]={cf=cfr(0,0,0,1,.002,.004,.002,.54,-.841,-.004,.841,.54);es="Linear";ed="In";};["R1stNb"]={cf=cfr(0,0,0,1,.003,.004,.003,.381,-.925,-.004,.925,.381);es="Linear";ed="In";};["R3rdNa"]={cf=cfr(0,0,0,1,.003,.004,.003,.313,-.95,-.004,.95,.313);es="Linear";ed="In";};["R3rdNb"]={cf=cfr(0,0,0,1,.003,.004,.003,.381,-.925,-.004,.925,.381);es="Linear";ed="In";};["RHandNb"]={cf=cfr(-.007,.002,-.031,.996,.07,-.048,-.083,.927,-.365,.019,.368,.93);es="Linear";ed="In";};["R4thNa"]={cf=cfr(0,0,0,1,.004,.004,.003,.209,-.978,-.005,.978,.209);es="Linear";ed="In";};["R4thNb"]={cf=cfr(0,0,0,1,.003,.004,.003,.381,-.925,-.004,.925,.381);es="Linear";ed="In";};["RASabN"]={cf=cfr(.127,-.291,.001,.845,.292,.447,-.257,.956,-.139,-.468,.003,.884);es="Linear";ed="In";};["RSSabN"]={cf=cfr(0,0,0,.88,-.001,.475,-.001,1,.005,-.475,-.005,.88);es="Linear";ed="In";};["NeckN"]={cf=cfr(0,0,0,.903,.417,.1,-.415,.909,-.041,-.108,-.004,.994);es="Linear";ed="In";};["HeadN"]={cf=cfr(0,0,0,.972,-.077,.22,.085,.996,-.029,-.217,.047,.975);es="Linear";ed="In";};["ScopeN"]={cf=cfr(0,0,0,1,0,0,0,1,0,0,0,1);es="Linear";ed="In";};["MouthN"]={cf=cfr(0,0,0,.99,0,.144,0,1,0,-.144,0,.99);es="Linear";ed="In";};["LShoulderN"]={cf=cfr(0,0,0,.999,-.028,.043,.016,.967,.254,-.049,-.253,.966);es="Linear";ed="In";};["LShoulderJ"]={cf=cfr(0,0,0,.957,-.206,-.204,.13,.934,-.333,.259,.292,.921);es="Linear";ed="In";};["LArmJ"]={cf=cfr(0,0,0,.774,-.633,.008,.633,.774,-.003,-.005,.007,1);es="Linear";ed="In";};["LHandN"]={cf=cfr(-.009,-.001,-.002,.891,-.45,-.063,.443,.891,-.098,.101,.06,.993);es="Linear";ed="In";};["LThumbNa"]={cf=cfr(0,0,0,.971,.237,-.002,-.223,.913,-.342,-.079,.333,.94);es="Linear";ed="In";};["LThumbNb"]={cf=cfr(0,0,0,.996,.091,-.002,-.091,.996,-.001,.002,.001,1);es="Linear";ed="In";};["L3rdNa"]={cf=cfr(0,0,0,1,-.003,-.002,0,.5,-.866,.003,.866,.5);es="Linear";ed="In";};["L3rdNb"]={cf=cfr(0,0,0,1,-.002,-.002,-.001,.5,-.866,.003,.866,.5);es="Linear";ed="In";};["L2ndNa"]={cf=cfr(0,0,0,1,-.003,-.002,0,.5,-.866,.003,.866,.5);es="Linear";ed="In";};["L2ndNb"]={cf=cfr(0,0,0,1,-.002,-.002,0,.5,-.866,.003,.866,.5);es="Linear";ed="In";};["L1stNa"]={cf=cfr(0,0,0,1,-.003,-.002,0,.5,-.866,.003,.866,.5);es="Linear";ed="In";};["L1stNb"]={cf=cfr(0,0,0,1,0,-.003,-.003,.5,-.866,.002,.866,.5);es="Linear";ed="In";};["LHandNb"]={cf=cfr(.017,-.006,.039,.98,.175,-.093,-.197,.898,-.393,.015,.403,.915);es="Linear";ed="In";};["L4thNa"]={cf=cfr(0,0,0,1,-.003,-.002,0,.5,-.866,.003,.866,.5);es="Linear";ed="In";};["L4thNb"]={cf=cfr(0,0,0,1,0,-.003,-.003,.5,-.866,.002,.866,.5);es="Linear";ed="In";};["LASabN"]={cf=cfr(-.124,.251,-.002,.939,.26,.225,-.252,.966,-.062,-.233,.001,.972);es="Linear";ed="In";};["LSSabN"]={cf=cfr(0,0,0,.97,0,.242,0,1,.003,-.242,-.003,.97);es="Linear";ed="In";};["BackN"]={cf=cfr(0,0,0,.882,.47,-.034,-.463,.852,-.243,-.085,.23,.969);es="Linear";ed="In";};["ReflectorN"]={cf=cfr(0,0,0,1,0,0,0,1,0,0,0,1);es="Linear";ed="In";};["TailNa"]={cf=cfr(0,0,0,1,0,0,0,.882,.472,0,-.472,.882);es="Linear";ed="In";};["TailNb"]={cf=cfr(0,0,0,1,0,0,0,.939,.344,0,-.344,.939);es="Linear";ed="In";};["TailNc"]={cf=cfr(0,0,0,1,0,0,0,.96,-.279,0,.279,.96);es="Linear";ed="In";};["LSSabN_end"]={cf=cfr(2.845,-3.316,.749,-.335,.872,-.357,-.665,.049,.745,.667,.487,.563);es="Linear";ed="In";};["FaceM_end"]={cf=cfr(0,0,0,1,0,0,0,1,0,0,0,1);es="Linear";ed="In";};["BlasterM_end"]={cf=cfr(0,0,0,1,0,0,0,1,0,0,0,1);es="Linear";ed="In";};["L2ndNb_end"]={cf=cfr(-6.777,-6.543,9.682,-.814,-.283,.507,.567,-.194,.801,-.128,.939,.318);es="Linear";ed="In";};["RThumbNb_end"]={cf=cfr(5.341,-2.699,-.498,.922,-.359,.144,.386,.848,-.362,.008,.389,.921);es="Linear";ed="In";};["FacePattern"]={cf=cfr(0,0,0,1,0,0,0,1,0,0,0,1);es="Linear";ed="In";};["EyeYellowM"]={cf=cfr(0,0,0,1,0,0,0,1,0,0,0,1);es="Linear";ed="In";};["LThumbNb_end"]={cf=cfr(-.517,-10.80,4.12,-.997,-.066,.03,.068,-.706,.705,-.026,.706,.708);es="Linear";ed="In";};["ReflectorN_end"]={cf=cfr(-.839,-1.982,1.214,-.069,-.378,-.923,-.274,.897,-.347,.959,.229,-.166);es="Linear";ed="In";};["RHaveN"]={cf=cfr(-4.642,1.412,-3.981,.881,.465,.088,-.467,.884,.004,-.076,-.045,.996);es="Linear";ed="In";};["ThrowN_end"]={cf=cfr(0,0,0,1,0,0,0,1,0,0,0,1);es="Linear";ed="In";};["BlasterM"]={cf=cfr(0,0,0,1,0,0,0,1,0,0,0,1);es="Linear";ed="In";};["BlinkHalfM"]={cf=cfr(0,0,0,1,0,0,0,1,0,0,0,1);es="Linear";ed="In";};["R4thNb_end"]={cf=cfr(3.995,2.803,1.583,.996,.075,-.045,.088,-.799,.595,.009,-.597,-.802);es="Linear";ed="In";};["RSSabN_end"]={cf=cfr(1.89,1.136,1.979,.387,-.831,-.399,.921,.368,.127,.041,-.417,.908);es="Linear";ed="In";};["BackN_end"]={cf=cfr(-2.269,-1.85,.86,-.294,-.346,-.891,.102,.915,-.389,.95,-.205,-.234);es="Linear";ed="In";};["OuchM"]={cf=cfr(0,0,0,1,0,0,0,1,0,0,0,1);es="Linear";ed="In";};["BlinkM_end"]={cf=cfr(0,0,0,1,0,0,0,1,0,0,0,1);es="Linear";ed="In";};["OuchM_end"]={cf=cfr(0,0,0,1,0,0,0,1,0,0,0,1);es="Linear";ed="In";};["LHandNb_end"]={cf=cfr(.123,-10.24,-2.883,.528,-.192,-.827,-.323,-.946,.013,-.785,.26,-.562);es="Linear";ed="In";};["FitFox00.ao"]={cf=cfr(0,0,0,1,0,0,0,1,0,0,0,1);es="Linear";ed="In";};["RootNode"]={cf=cfr(0,0,0,-1,0,0,0,1,0,0,0,-1);es="Linear";ed="In";};["LToeN_end"]={cf=cfr(3.37,-4.351,.791,-.451,.876,-.17,-.888,-.46,-.018,-.094,.142,.985);es="Linear";ed="In";};["TailNc_end"]={cf=cfr(4.541,3.37,.228,.649,.199,.735,.524,.584,-.62,-.552,.787,.275);es="Linear";ed="In";};["RHaveN_end"]={cf=cfr(0,0,0,1,0,0,0,1,0,0,0,1);es="Linear";ed="In";};["R1stNb_end"]={cf=cfr(3.986,-5.004,1.025,.996,.076,-.042,-.073,.994,.076,.047,-.073,.996);es="Linear";ed="In";};["LHaveN_end"]={cf=cfr(0,0,0,1,0,0,0,1,0,0,0,1);es="Linear";ed="In";};["LHaveN"]={cf=cfr(8.566,-1.711,-6.398,-.826,.304,-.475,.491,.802,-.341,.277,-.514,-.812);es="Linear";ed="In";};["FaceM"]={cf=cfr(0,0,0,1,0,0,0,1,0,0,0,1);es="Linear";ed="In";};["ScopeN_end"]={cf=cfr(-.398,.65,2.535,.954,-.163,-.254,.15,.986,-.07,.261,.028,.965);es="Linear";ed="In";};["L1stNb_end"]={cf=cfr(-6.16,-10.46,5.975,-.816,-.283,.504,.558,-.617,.555,.154,.734,.661);es="Linear";ed="In";};["RHandNb_end"]={cf=cfr(-.822,-5.091,4.065,.986,-.126,-.108,.107,.98,-.169,.128,.155,.98);es="Linear";ed="In";};["RToeN_end"]={cf=cfr(-1.69,2.628,.025,-.867,-.499,-.004,.499,-.866,-.017,.005,-.017,1);es="Linear";ed="In";};["RASabN_end"]={cf=cfr(4.455,-2.203,3.347,.883,-.311,-.352,.328,.945,-.012,.336,-.105,.936);es="Linear";ed="In";};["R2ndNb_end"]={cf=cfr(3.986,-4.485,2.19,.996,.071,-.061,-.047,.941,.336,.081,-.332,.94);es="Linear";ed="In";};["LASabN_end"]={cf=cfr(-.146,-7.492,-.49,-.803,.556,.213,-.387,-.759,.524,.454,.338,.824);es="Linear";ed="In";};["ThrowN"]={cf=cfr(-.282,0,0,1,0,0,0,1,0,0,0,1);es="Linear";ed="In";};["L4thNb_end"]={cf=cfr(-7.999,9.137,2.179,-.812,-.278,.514,-.283,.957,.071,-.511,-.088,-.855);es="Linear";ed="In";};["MouthN_end"]={cf=cfr(-.007,.638,-2.134,.939,.151,-.309,-.187,.978,-.09,.288,.142,.947);es="Linear";ed="In";};};{tm=.083;["BlinkM"]={cf=cfr(0,0,0,1,0,0,0,1,0,0,0,1);es="Linear";ed="In";};["BlinkHalfM_end"]={cf=cfr(0,0,0,1,0,0,0,1,0,0,0,1);es="Linear";ed="In";};["R3rdNb_end"]={cf=cfr(3.984,1.774,3.039,.996,.076,-.04,.073,-.49,.869,.047,-.869,-.493);es="Linear";ed="In";};["EyeYellowM_end"]={cf=cfr(0,0,0,1,0,0,0,1,0,0,0,1);es="Linear";ed="In";};["L3rdNb_end"]={cf=cfr(-7.332,5.698,8.755,-.812,-.277,.514,.124,.779,.615,-.571,.563,-.598);es="Linear";ed="In";};["FitFox00.mo"]={cf=cfr(0,0,0,1,0,0,0,1,0,0,0,1);es="Linear";ed="In";};["TopN"]={cf=cfr(0,0,0,1,0,0,0,1,0,0,0,1);es="Linear";ed="In";};["TransN"]={cf=cfr(0,0,0,1,0,0,0,1,0,0,0,1);es="Linear";ed="In";};["XRotN"]={cf=cfr(.282,0,0,1,0,0,0,1,0,0,0,1);es="Linear";ed="In";};["YRotN"]={cf=cfr(0,0,0,1,0,0,0,1,0,0,0,1);es="Linear";ed="In";};["HipN"]={cf=cfr(.088,-.004,.276,.975,0,-.223,0,1,0,.223,0,.975);es="Linear";ed="In";};["LLegJ"]={cf=cfr(0,0,0,1,-.021,.022,.022,.996,-.088,-.02,.089,.996);es="Linear";ed="In";};["LKneeJ"]={cf=cfr(0,0,0,.44,.062,.896,-.026,.998,-.056,-.898,.001,.441);es="Linear";ed="In";};["LFootJ"]={cf=cfr(-.057,-.016,.008,1,-.001,.023,-.001,.995,.097,-.023,-.097,.995);es="Linear";ed="In";};["LToeN"]={cf=cfr(0,0,0,1,0,0,0,1,0,0,0,1);es="Linear";ed="In";};["RLegJ"]={cf=cfr(0,0,0,.538,.084,-.839,-.018,.996,.089,.843,-.033,.538);es="Linear";ed="In";};["RKneeJ"]={cf=cfr(0,0,0,.138,.09,.986,-.104,.992,-.076,-.985,-.092,.147);es="Linear";ed="In";};["RFootJ"]={cf=cfr(.062,-.001,-.008,.984,.13,.119,-.126,.991,-.04,-.123,.024,.992);es="Linear";ed="In";};["RToeN"]={cf=cfr(0,0,0,1,0,0,0,1,0,0,0,1);es="Linear";ed="In";};["WaistN"]={cf=cfr(0,0,0,.975,-.215,-.056,.213,.976,-.034,.062,.021,.998);es="Linear";ed="In";};["BustN"]={cf=cfr(0,0,0,.835,-.169,.524,.219,.975,-.035,-.505,.144,.851);es="Linear";ed="In";};["RShoulderN"]={cf=cfr(0,0,0,.996,-.051,.066,.019,.911,.412,-.081,-.41,.909);es="Linear";ed="In";};["RShoulderJ"]={cf=cfr(0,0,0,.732,.495,-.468,-.55,.835,.022,.401,.241,.884);es="Linear";ed="In";};["RArmJ"]={cf=cfr(0,0,0,.703,-.711,.006,.711,.703,-.003,-.003,.006,1);es="Linear";ed="In";};["RHandN"]={cf=cfr(.008,.001,.002,.914,-.406,-.028,.406,.914,.014,.02,-.024,1);es="Linear";ed="In";};["RThumbNa"]={cf=cfr(0,0,0,.782,.068,.62,.255,.872,-.418,-.569,.484,.665);es="Linear";ed="In";};["RThumbNb"]={cf=cfr(0,0,0,.903,.068,-.424,-.11,.991,-.074,.416,.114,.902);es="Linear";ed="In";};["R2ndNa"]={cf=cfr(0,0,0,1,.003,.004,.002,.43,-.903,-.004,.903,.43);es="Linear";ed="In";};["R2ndNb"]={cf=cfr(0,0,0,1,.003,.004,.003,.381,-.925,-.004,.925,.381);es="Linear";ed="In";};["R1stNa"]={cf=cfr(0,0,0,1,.002,.004,.002,.54,-.841,-.004,.841,.54);es="Linear";ed="In";};["R1stNb"]={cf=cfr(0,0,0,1,.003,.004,.003,.381,-.925,-.004,.925,.381);es="Linear";ed="In";};["R3rdNa"]={cf=cfr(0,0,0,1,.003,.004,.003,.313,-.95,-.004,.95,.313);es="Linear";ed="In";};["R3rdNb"]={cf=cfr(0,0,0,1,.003,.004,.003,.381,-.925,-.004,.925,.381);es="Linear";ed="In";};["RHandNb"]={cf=cfr(-.007,.002,-.031,.997,.068,-.049,-.081,.918,-.388,.019,.391,.92);es="Linear";ed="In";};["R4thNa"]={cf=cfr(0,0,0,1,.004,.004,.003,.209,-.978,-.005,.978,.209);es="Linear";ed="In";};["R4thNb"]={cf=cfr(0,0,0,1,.003,.004,.003,.381,-.925,-.004,.925,.381);es="Linear";ed="In";};["RASabN"]={cf=cfr(.127,-.293,.001,.846,.292,.447,-.257,.956,-.139,-.468,.003,.884);es="Linear";ed="In";};["RSSabN"]={cf=cfr(0,0,0,.88,-.001,.476,-.001,1,.005,-.476,-.005,.88);es="Linear";ed="In";};["NeckN"]={cf=cfr(0,0,0,.903,.417,.1,-.415,.909,-.041,-.108,-.004,.994);es="Linear";ed="In";};["HeadN"]={cf=cfr(0,0,0,.972,-.077,.223,.085,.996,-.029,-.22,.047,.974);es="Linear";ed="In";};["ScopeN"]={cf=cfr(0,0,0,1,0,0,0,1,0,0,0,1);es="Linear";ed="In";};["MouthN"]={cf=cfr(0,0,0,.994,0,.112,0,1,0,-.112,0,.994);es="Linear";ed="In";};["LShoulderN"]={cf=cfr(0,0,0,.999,-.028,.043,.016,.967,.255,-.048,-.254,.966);es="Linear";ed="In";};["LShoulderJ"]={cf=cfr(0,0,0,.957,-.205,-.205,.129,.934,-.332,.26,.291,.921);es="Linear";ed="In";};["LArmJ"]={cf=cfr(0,0,0,.776,-.631,.008,.631,.776,-.003,-.005,.007,1);es="Linear";ed="In";};["LHandN"]={cf=cfr(-.009,-.001,-.002,.889,-.453,-.063,.446,.89,-.1,.101,.061,.993);es="Linear";ed="In";};["LThumbNa"]={cf=cfr(0,0,0,.971,.237,-.002,-.223,.913,-.342,-.079,.333,.94);es="Linear";ed="In";};["LThumbNb"]={cf=cfr(0,0,0,.996,.091,-.002,-.091,.996,-.001,.002,.001,1);es="Linear";ed="In";};["L3rdNa"]={cf=cfr(0,0,0,1,-.003,-.002,0,.5,-.866,.003,.866,.5);es="Linear";ed="In";};["L3rdNb"]={cf=cfr(0,0,0,1,-.002,-.002,-.001,.5,-.866,.003,.866,.5);es="Linear";ed="In";};["L2ndNa"]={cf=cfr(0,0,0,1,-.003,-.002,0,.5,-.866,.003,.866,.5);es="Linear";ed="In";};["L2ndNb"]={cf=cfr(0,0,0,1,-.002,-.002,0,.5,-.866,.003,.866,.5);es="Linear";ed="In";};["L1stNa"]={cf=cfr(0,0,0,1,-.003,-.002,0,.5,-.866,.003,.866,.5);es="Linear";ed="In";};["L1stNb"]={cf=cfr(0,0,0,1,0,-.003,-.003,.5,-.866,.002,.866,.5);es="Linear";ed="In";};["LHandNb"]={cf=cfr(.017,-.006,.039,.98,.176,-.094,-.199,.897,-.394,.015,.405,.914);es="Linear";ed="In";};["L4thNa"]={cf=cfr(0,0,0,1,-.003,-.002,0,.5,-.866,.003,.866,.5);es="Linear";ed="In";};["L4thNb"]={cf=cfr(0,0,0,1,0,-.003,-.003,.5,-.866,.002,.866,.5);es="Linear";ed="In";};["LASabN"]={cf=cfr(-.124,.251,-.002,.939,.258,.226,-.251,.966,-.062,-.234,.001,.972);es="Linear";ed="In";};["LSSabN"]={cf=cfr(0,0,0,.97,0,.241,0,1,.003,-.241,-.003,.97);es="Linear";ed="In";};["BackN"]={cf=cfr(0,0,0,.932,.361,-.035,-.358,.901,-.245,-.057,.241,.969);es="Linear";ed="In";};["ReflectorN"]={cf=cfr(0,0,0,1,0,0,0,1,0,0,0,1);es="Linear";ed="In";};["TailNa"]={cf=cfr(0,0,0,1,0,0,0,.887,.461,0,-.461,.887);es="Linear";ed="In";};["TailNb"]={cf=cfr(0,0,0,1,0,0,0,.948,.317,0,-.317,.948);es="Linear";ed="In";};["TailNc"]={cf=cfr(0,0,0,1,0,0,0,.988,-.157,0,.157,.988);es="Linear";ed="In";};["LSSabN_end"]={cf=cfr(2.845,-3.316,.749,-.335,.872,-.357,-.665,.049,.745,.667,.487,.563);es="Linear";ed="In";};["FaceM_end"]={cf=cfr(0,0,0,1,0,0,0,1,0,0,0,1);es="Linear";ed="In";};["BlasterM_end"]={cf=cfr(0,0,0,1,0,0,0,1,0,0,0,1);es="Linear";ed="In";};["L2ndNb_end"]={cf=cfr(-6.777,-6.543,9.682,-.814,-.283,.507,.567,-.194,.801,-.128,.939,.318);es="Linear";ed="In";};["RThumbNb_end"]={cf=cfr(5.341,-2.699,-.498,.922,-.359,.144,.386,.848,-.362,.008,.389,.921);es="Linear";ed="In";};["FacePattern"]={cf=cfr(0,0,0,1,0,0,0,1,0,0,0,1);es="Linear";ed="In";};["EyeYellowM"]={cf=cfr(0,0,0,1,0,0,0,1,0,0,0,1);es="Linear";ed="In";};["LThumbNb_end"]={cf=cfr(-.517,-10.80,4.12,-.997,-.066,.03,.068,-.706,.705,-.026,.706,.708);es="Linear";ed="In";};["ReflectorN_end"]={cf=cfr(-.839,-1.982,1.214,-.069,-.378,-.923,-.274,.897,-.347,.959,.229,-.166);es="Linear";ed="In";};["RHaveN"]={cf=cfr(-4.642,1.412,-3.981,.881,.465,.088,-.467,.884,.004,-.076,-.045,.996);es="Linear";ed="In";};["ThrowN_end"]={cf=cfr(0,0,0,1,0,0,0,1,0,0,0,1);es="Linear";ed="In";};["BlasterM"]={cf=cfr(0,0,0,1,0,0,0,1,0,0,0,1);es="Linear";ed="In";};["BlinkHalfM"]={cf=cfr(0,0,0,1,0,0,0,1,0,0,0,1);es="Linear";ed="In";};["R4thNb_end"]={cf=cfr(3.995,2.803,1.583,.996,.075,-.045,.088,-.799,.595,.009,-.597,-.802);es="Linear";ed="In";};["RSSabN_end"]={cf=cfr(1.89,1.136,1.979,.387,-.831,-.399,.921,.368,.127,.041,-.417,.908);es="Linear";ed="In";};["BackN_end"]={cf=cfr(-2.269,-1.85,.86,-.294,-.346,-.891,.102,.915,-.389,.95,-.205,-.234);es="Linear";ed="In";};["OuchM"]={cf=cfr(0,0,0,1,0,0,0,1,0,0,0,1);es="Linear";ed="In";};["BlinkM_end"]={cf=cfr(0,0,0,1,0,0,0,1,0,0,0,1);es="Linear";ed="In";};["OuchM_end"]={cf=cfr(0,0,0,1,0,0,0,1,0,0,0,1);es="Linear";ed="In";};["LHandNb_end"]={cf=cfr(.123,-10.24,-2.883,.528,-.192,-.827,-.323,-.946,.013,-.785,.26,-.562);es="Linear";ed="In";};["FitFox00.ao"]={cf=cfr(0,0,0,1,0,0,0,1,0,0,0,1);es="Linear";ed="In";};["RootNode"]={cf=cfr(0,0,0,-1,0,0,0,1,0,0,0,-1);es="Linear";ed="In";};["LToeN_end"]={cf=cfr(3.37,-4.351,.791,-.451,.876,-.17,-.888,-.46,-.018,-.094,.142,.985);es="Linear";ed="In";};["TailNc_end"]={cf=cfr(4.541,3.37,.228,.649,.199,.735,.524,.584,-.62,-.552,.787,.275);es="Linear";ed="In";};["RHaveN_end"]={cf=cfr(0,0,0,1,0,0,0,1,0,0,0,1);es="Linear";ed="In";};["R1stNb_end"]={cf=cfr(3.986,-5.004,1.025,.996,.076,-.042,-.073,.994,.076,.047,-.073,.996);es="Linear";ed="In";};["LHaveN_end"]={cf=cfr(0,0,0,1,0,0,0,1,0,0,0,1);es="Linear";ed="In";};["LHaveN"]={cf=cfr(8.566,-1.711,-6.398,-.826,.304,-.475,.491,.802,-.341,.277,-.514,-.812);es="Linear";ed="In";};["FaceM"]={cf=cfr(0,0,0,1,0,0,0,1,0,0,0,1);es="Linear";ed="In";};["ScopeN_end"]={cf=cfr(-.398,.65,2.535,.954,-.163,-.254,.15,.986,-.07,.261,.028,.965);es="Linear";ed="In";};["L1stNb_end"]={cf=cfr(-6.16,-10.46,5.975,-.816,-.283,.504,.558,-.617,.555,.154,.734,.661);es="Linear";ed="In";};["RHandNb_end"]={cf=cfr(-.822,-5.091,4.065,.986,-.126,-.108,.107,.98,-.169,.128,.155,.98);es="Linear";ed="In";};["RToeN_end"]={cf=cfr(-1.69,2.628,.025,-.867,-.499,-.004,.499,-.866,-.017,.005,-.017,1);es="Linear";ed="In";};["RASabN_end"]={cf=cfr(4.455,-2.203,3.347,.883,-.311,-.352,.328,.945,-.012,.336,-.105,.936);es="Linear";ed="In";};["R2ndNb_end"]={cf=cfr(3.986,-4.485,2.19,.996,.071,-.061,-.047,.941,.336,.081,-.332,.94);es="Linear";ed="In";};["LASabN_end"]={cf=cfr(-.146,-7.492,-.49,-.803,.556,.213,-.387,-.759,.524,.454,.338,.824);es="Linear";ed="In";};["ThrowN"]={cf=cfr(-.282,0,0,1,0,0,0,1,0,0,0,1);es="Linear";ed="In";};["L4thNb_end"]={cf=cfr(-7.999,9.137,2.179,-.812,-.278,.514,-.283,.957,.071,-.511,-.088,-.855);es="Linear";ed="In";};["MouthN_end"]={cf=cfr(-.007,.638,-2.134,.939,.151,-.309,-.187,.978,-.09,.288,.142,.947);es="Linear";ed="In";};};{tm=.125;["BlinkM"]={cf=cfr(0,0,0,1,0,0,0,1,0,0,0,1);es="Linear";ed="In";};["BlinkHalfM_end"]={cf=cfr(0,0,0,1,0,0,0,1,0,0,0,1);es="Linear";ed="In";};["R3rdNb_end"]={cf=cfr(3.984,1.774,3.039,.996,.076,-.04,.073,-.49,.869,.047,-.869,-.493);es="Linear";ed="In";};["EyeYellowM_end"]={cf=cfr(0,0,0,1,0,0,0,1,0,0,0,1);es="Linear";ed="In";};["L3rdNb_end"]={cf=cfr(-7.332,5.698,8.755,-.812,-.277,.514,.124,.779,.615,-.571,.563,-.598);es="Linear";ed="In";};["FitFox00.mo"]={cf=cfr(0,0,0,1,0,0,0,1,0,0,0,1);es="Linear";ed="In";};["TopN"]={cf=cfr(0,0,0,1,0,0,0,1,0,0,0,1);es="Linear";ed="In";};["TransN"]={cf=cfr(0,0,0,1,0,0,0,1,0,0,0,1);es="Linear";ed="In";};["XRotN"]={cf=cfr(.282,0,0,1,0,0,0,1,0,0,0,1);es="Linear";ed="In";};["YRotN"]={cf=cfr(0,0,0,1,0,0,0,1,0,0,0,1);es="Linear";ed="In";};["HipN"]={cf=cfr(.146,-.004,.266,.975,0,-.223,0,1,0,.223,0,.975);es="Linear";ed="In";};["LLegJ"]={cf=cfr(0,0,0,1,-.021,.019,.022,.996,-.087,-.018,.087,.996);es="Linear";ed="In";};["LKneeJ"]={cf=cfr(0,0,0,.437,.061,.897,-.025,.998,-.056,-.899,.001,.438);es="Linear";ed="In";};["LFootJ"]={cf=cfr(-.057,-.016,.008,1,-.001,.026,-.002,.995,.097,-.026,-.097,.995);es="Linear";ed="In";};["LToeN"]={cf=cfr(0,0,0,1,0,0,0,1,0,0,0,1);es="Linear";ed="In";};["RLegJ"]={cf=cfr(0,0,0,.537,.086,-.839,-.017,.996,.091,.843,-.035,.536);es="Linear";ed="In";};["RKneeJ"]={cf=cfr(0,0,0,.137,.088,.987,-.103,.992,-.074,-.985,-.092,.145);es="Linear";ed="In";};["RFootJ"]={cf=cfr(.062,-.001,-.008,.984,.13,.122,-.126,.991,-.04,-.126,.024,.992);es="Linear";ed="In";};["RToeN"]={cf=cfr(0,0,0,1,0,0,0,1,0,0,0,1);es="Linear";ed="In";};["WaistN"]={cf=cfr(0,0,0,.975,-.215,-.058,.213,.976,-.034,.064,.021,.998);es="Linear";ed="In";};["BustN"]={cf=cfr(0,0,0,.841,-.169,.514,.219,.975,-.038,-.495,.144,.857);es="Linear";ed="In";};["RShoulderN"]={cf=cfr(0,0,0,.996,-.051,.066,.019,.91,.413,-.081,-.41,.908);es="Linear";ed="In";};["RShoulderJ"]={cf=cfr(0,0,0,.733,.495,-.467,-.55,.835,.021,.4,.242,.884);es="Linear";ed="In";};["RArmJ"]={cf=cfr(0,0,0,.698,-.716,.006,.716,.698,-.003,-.003,.006,1);es="Linear";ed="In";};["RHandN"]={cf=cfr(.008,.001,.002,.912,-.41,-.032,.41,.912,.012,.024,-.024,.999);es="Linear";ed="In";};["RThumbNa"]={cf=cfr(0,0,0,.782,.068,.62,.255,.872,-.418,-.569,.484,.665);es="Linear";ed="In";};["RThumbNb"]={cf=cfr(0,0,0,.903,.068,-.424,-.11,.991,-.074,.416,.114,.902);es="Linear";ed="In";};["R2ndNa"]={cf=cfr(0,0,0,1,.003,.004,.002,.43,-.903,-.004,.903,.43);es="Linear";ed="In";};["R2ndNb"]={cf=cfr(0,0,0,1,.003,.004,.003,.381,-.925,-.004,.925,.381);es="Linear";ed="In";};["R1stNa"]={cf=cfr(0,0,0,1,.002,.004,.002,.54,-.841,-.004,.841,.54);es="Linear";ed="In";};["R1stNb"]={cf=cfr(0,0,0,1,.003,.004,.003,.381,-.925,-.004,.925,.381);es="Linear";ed="In";};["R3rdNa"]={cf=cfr(0,0,0,1,.003,.004,.003,.313,-.95,-.004,.95,.313);es="Linear";ed="In";};["R3rdNb"]={cf=cfr(0,0,0,1,.003,.004,.003,.381,-.925,-.004,.925,.381);es="Linear";ed="In";};["RHandNb"]={cf=cfr(-.007,.002,-.031,.996,.069,-.05,-.083,.916,-.392,.019,.395,.919);es="Linear";ed="In";};["R4thNa"]={cf=cfr(0,0,0,1,.004,.004,.003,.209,-.978,-.005,.978,.209);es="Linear";ed="In";};["R4thNb"]={cf=cfr(0,0,0,1,.003,.004,.003,.381,-.925,-.004,.925,.381);es="Linear";ed="In";};["RASabN"]={cf=cfr(.127,-.296,.001,.845,.294,.447,-.259,.956,-.14,-.468,.003,.884);es="Linear";ed="In";};["RSSabN"]={cf=cfr(0,0,0,.879,-.001,.477,-.001,1,.005,-.477,-.005,.879);es="Linear";ed="In";};["NeckN"]={cf=cfr(0,0,0,.903,.417,.1,-.415,.909,-.041,-.108,-.004,.994);es="Linear";ed="In";};["HeadN"]={cf=cfr(0,0,0,.971,-.077,.226,.085,.996,-.029,-.223,.047,.974);es="Linear";ed="In";};["ScopeN"]={cf=cfr(0,0,0,1,0,0,0,1,0,0,0,1);es="Linear";ed="In";};["MouthN"]={cf=cfr(0,0,0,.995,0,.098,0,1,0,-.098,0,.995);es="Linear";ed="In";};["LShoulderN"]={cf=cfr(0,0,0,.999,-.028,.043,.016,.967,.255,-.048,-.254,.966);es="Linear";ed="In";};["LShoulderJ"]={cf=cfr(0,0,0,.957,-.204,-.206,.128,.935,-.331,.26,.29,.921);es="Linear";ed="In";};["LArmJ"]={cf=cfr(0,0,0,.771,-.636,.008,.636,.771,-.002,-.005,.007,1);es="Linear";ed="In";};["LHandN"]={cf=cfr(-.009,-.001,-.002,.892,-.448,-.065,.441,.892,-.094,.1,.055,.993);es="Linear";ed="In";};["LThumbNa"]={cf=cfr(0,0,0,.971,.237,-.002,-.223,.913,-.342,-.079,.333,.94);es="Linear";ed="In";};["LThumbNb"]={cf=cfr(0,0,0,.996,.091,-.002,-.091,.996,-.001,.002,.001,1);es="Linear";ed="In";};["L3rdNa"]={cf=cfr(0,0,0,1,-.003,-.002,0,.5,-.866,.003,.866,.5);es="Linear";ed="In";};["L3rdNb"]={cf=cfr(0,0,0,1,-.002,-.002,-.001,.5,-.866,.003,.866,.5);es="Linear";ed="In";};["L2ndNa"]={cf=cfr(0,0,0,1,-.003,-.002,0,.5,-.866,.003,.866,.5);es="Linear";ed="In";};["L2ndNb"]={cf=cfr(0,0,0,1,-.002,-.002,0,.5,-.866,.003,.866,.5);es="Linear";ed="In";};["L1stNa"]={cf=cfr(0,0,0,1,-.003,-.002,0,.5,-.866,.003,.866,.5);es="Linear";ed="In";};["L1stNb"]={cf=cfr(0,0,0,1,0,-.003,-.003,.5,-.866,.002,.866,.5);es="Linear";ed="In";};["LHandNb"]={cf=cfr(.017,-.006,.039,.981,.169,-.09,-.191,.901,-.389,.015,.399,.917);es="Linear";ed="In";};["L4thNa"]={cf=cfr(0,0,0,1,-.003,-.002,0,.5,-.866,.003,.866,.5);es="Linear";ed="In";};["L4thNb"]={cf=cfr(0,0,0,1,0,-.003,-.003,.5,-.866,.002,.866,.5);es="Linear";ed="In";};["LASabN"]={cf=cfr(-.124,.251,-.002,.938,.262,.227,-.254,.965,-.063,-.235,.001,.972);es="Linear";ed="In";};["LSSabN"]={cf=cfr(0,0,0,.971,0,.24,0,1,.003,-.24,-.003,.971);es="Linear";ed="In";};["BackN"]={cf=cfr(0,0,0,.954,.299,-.036,-.299,.922,-.245,-.04,.244,.969);es="Linear";ed="In";};["ReflectorN"]={cf=cfr(0,0,0,1,0,0,0,1,0,0,0,1);es="Linear";ed="In";};["TailNa"]={cf=cfr(0,0,0,1,0,0,0,.892,.451,0,-.451,.892);es="Linear";ed="In";};["TailNb"]={cf=cfr(0,0,0,1,0,0,0,.957,.29,0,-.29,.957);es="Linear";ed="In";};["TailNc"]={cf=cfr(0,0,0,1,0,0,0,.998,-.062,0,.062,.998);es="Linear";ed="In";};["LSSabN_end"]={cf=cfr(2.845,-3.316,.749,-.335,.872,-.357,-.665,.049,.745,.667,.487,.563);es="Linear";ed="In";};["FaceM_end"]={cf=cfr(0,0,0,1,0,0,0,1,0,0,0,1);es="Linear";ed="In";};["BlasterM_end"]={cf=cfr(0,0,0,1,0,0,0,1,0,0,0,1);es="Linear";ed="In";};["L2ndNb_end"]={cf=cfr(-6.777,-6.543,9.682,-.814,-.283,.507,.567,-.194,.801,-.128,.939,.318);es="Linear";ed="In";};["RThumbNb_end"]={cf=cfr(5.341,-2.699,-.498,.922,-.359,.144,.386,.848,-.362,.008,.389,.921);es="Linear";ed="In";};["FacePattern"]={cf=cfr(0,0,0,1,0,0,0,1,0,0,0,1);es="Linear";ed="In";};["EyeYellowM"]={cf=cfr(0,0,0,1,0,0,0,1,0,0,0,1);es="Linear";ed="In";};["LThumbNb_end"]={cf=cfr(-.517,-10.80,4.12,-.997,-.066,.03,.068,-.706,.705,-.026,.706,.708);es="Linear";ed="In";};["ReflectorN_end"]={cf=cfr(-.839,-1.982,1.214,-.069,-.378,-.923,-.274,.897,-.347,.959,.229,-.166);es="Linear";ed="In";};["RHaveN"]={cf=cfr(-4.642,1.412,-3.981,.881,.465,.088,-.467,.884,.004,-.076,-.045,.996);es="Linear";ed="In";};["ThrowN_end"]={cf=cfr(0,0,0,1,0,0,0,1,0,0,0,1);es="Linear";ed="In";};["BlasterM"]={cf=cfr(0,0,0,1,0,0,0,1,0,0,0,1);es="Linear";ed="In";};["BlinkHalfM"]={cf=cfr(0,0,0,1,0,0,0,1,0,0,0,1);es="Linear";ed="In";};["R4thNb_end"]={cf=cfr(3.995,2.803,1.583,.996,.075,-.045,.088,-.799,.595,.009,-.597,-.802);es="Linear";ed="In";};["RSSabN_end"]={cf=cfr(1.89,1.136,1.979,.387,-.831,-.399,.921,.368,.127,.041,-.417,.908);es="Linear";ed="In";};["BackN_end"]={cf=cfr(-2.269,-1.85,.86,-.294,-.346,-.891,.102,.915,-.389,.95,-.205,-.234);es="Linear";ed="In";};["OuchM"]={cf=cfr(0,0,0,1,0,0,0,1,0,0,0,1);es="Linear";ed="In";};["BlinkM_end"]={cf=cfr(0,0,0,1,0,0,0,1,0,0,0,1);es="Linear";ed="In";};["OuchM_end"]={cf=cfr(0,0,0,1,0,0,0,1,0,0,0,1);es="Linear";ed="In";};["LHandNb_end"]={cf=cfr(.123,-10.24,-2.883,.528,-.192,-.827,-.323,-.946,.013,-.785,.26,-.562);es="Linear";ed="In";};["FitFox00.ao"]={cf=cfr(0,0,0,1,0,0,0,1,0,0,0,1);es="Linear";ed="In";};["RootNode"]={cf=cfr(0,0,0,-1,0,0,0,1,0,0,0,-1);es="Linear";ed="In";};["LToeN_end"]={cf=cfr(3.37,-4.351,.791,-.451,.876,-.17,-.888,-.46,-.018,-.094,.142,.985);es="Linear";ed="In";};["TailNc_end"]={cf=cfr(4.541,3.37,.228,.649,.199,.735,.524,.584,-.62,-.552,.787,.275);es="Linear";ed="In";};["RHaveN_end"]={cf=cfr(0,0,0,1,0,0,0,1,0,0,0,1);es="Linear";ed="In";};["R1stNb_end"]={cf=cfr(3.986,-5.004,1.025,.996,.076,-.042,-.073,.994,.076,.047,-.073,.996);es="Linear";ed="In";};["LHaveN_end"]={cf=cfr(0,0,0,1,0,0,0,1,0,0,0,1);es="Linear";ed="In";};["LHaveN"]={cf=cfr(8.566,-1.711,-6.398,-.826,.304,-.475,.491,.802,-.341,.277,-.514,-.812);es="Linear";ed="In";};["FaceM"]={cf=cfr(0,0,0,1,0,0,0,1,0,0,0,1);es="Linear";ed="In";};["ScopeN_end"]={cf=cfr(-.398,.65,2.535,.954,-.163,-.254,.15,.986,-.07,.261,.028,.965);es="Linear";ed="In";};["L1stNb_end"]={cf=cfr(-6.16,-10.46,5.975,-.816,-.283,.504,.558,-.617,.555,.154,.734,.661);es="Linear";ed="In";};["RHandNb_end"]={cf=cfr(-.822,-5.091,4.065,.986,-.126,-.108,.107,.98,-.169,.128,.155,.98);es="Linear";ed="In";};["RToeN_end"]={cf=cfr(-1.69,2.628,.025,-.867,-.499,-.004,.499,-.866,-.017,.005,-.017,1);es="Linear";ed="In";};["RASabN_end"]={cf=cfr(4.455,-2.203,3.347,.883,-.311,-.352,.328,.945,-.012,.336,-.105,.936);es="Linear";ed="In";};["R2ndNb_end"]={cf=cfr(3.986,-4.485,2.19,.996,.071,-.061,-.047,.941,.336,.081,-.332,.94);es="Linear";ed="In";};["LASabN_end"]={cf=cfr(-.146,-7.492,-.49,-.803,.556,.213,-.387,-.759,.524,.454,.338,.824);es="Linear";ed="In";};["ThrowN"]={cf=cfr(-.282,0,0,1,0,0,0,1,0,0,0,1);es="Linear";ed="In";};["L4thNb_end"]={cf=cfr(-7.999,9.137,2.179,-.812,-.278,.514,-.283,.957,.071,-.511,-.088,-.855);es="Linear";ed="In";};["MouthN_end"]={cf=cfr(-.007,.638,-2.134,.939,.151,-.309,-.187,.978,-.09,.288,.142,.947);es="Linear";ed="In";};};{tm=.167;["BlinkM"]={cf=cfr(0,0,0,1,0,0,0,1,0,0,0,1);es="Linear";ed="In";};["BlinkHalfM_end"]={cf=cfr(0,0,0,1,0,0,0,1,0,0,0,1);es="Linear";ed="In";};["R3rdNb_end"]={cf=cfr(3.984,1.774,3.039,.996,.076,-.04,.073,-.49,.869,.047,-.869,-.493);es="Linear";ed="In";};["EyeYellowM_end"]={cf=cfr(0,0,0,1,0,0,0,1,0,0,0,1);es="Linear";ed="In";};["L3rdNb_end"]={cf=cfr(-7.332,5.698,8.755,-.812,-.277,.514,.124,.779,.615,-.571,.563,-.598);es="Linear";ed="In";};["FitFox00.mo"]={cf=cfr(0,0,0,1,0,0,0,1,0,0,0,1);es="Linear";ed="In";};["TopN"]={cf=cfr(0,0,0,1,0,0,0,1,0,0,0,1);es="Linear";ed="In";};["TransN"]={cf=cfr(0,0,0,1,0,0,0,1,0,0,0,1);es="Linear";ed="In";};["XRotN"]={cf=cfr(.282,0,0,1,0,0,0,1,0,0,0,1);es="Linear";ed="In";};["YRotN"]={cf=cfr(0,0,0,1,0,0,0,1,0,0,0,1);es="Linear";ed="In";};["HipN"]={cf=cfr(.07,-.004,.255,.975,0,-.223,0,1,0,.223,0,.975);es="Linear";ed="In";};["LLegJ"]={cf=cfr(0,0,0,.999,-.021,.026,.023,.996,-.085,-.024,.085,.996);es="Linear";ed="In";};["LKneeJ"]={cf=cfr(0,0,0,.451,.059,.89,-.025,.998,-.054,-.892,.001,.452);es="Linear";ed="In";};["LFootJ"]={cf=cfr(-.057,-.016,.008,1,-.001,.014,-.001,.995,.097,-.014,-.097,.995);es="Linear";ed="In";};["LToeN"]={cf=cfr(0,0,0,1,0,0,0,1,0,0,0,1);es="Linear";ed="In";};["RLegJ"]={cf=cfr(0,0,0,.529,.092,-.844,-.012,.995,.101,.848,-.043,.528);es="Linear";ed="In";};["RKneeJ"]={cf=cfr(0,0,0,.139,.082,.987,-.103,.992,-.068,-.985,-.092,.146);es="Linear";ed="In";};["RFootJ"]={cf=cfr(.062,-.001,-.008,.986,.13,.108,-.126,.991,-.038,-.112,.023,.993);es="Linear";ed="In";};["RToeN"]={cf=cfr(0,0,0,1,0,0,0,1,0,0,0,1);es="Linear";ed="In";};["WaistN"]={cf=cfr(0,0,0,.975,-.215,-.061,.213,.976,-.034,.067,.021,.998);es="Linear";ed="In";};["BustN"]={cf=cfr(0,0,0,.847,-.169,.505,.219,.975,-.04,-.485,.144,.862);es="Linear";ed="In";};["RShoulderN"]={cf=cfr(0,0,0,.996,-.051,.066,.019,.91,.414,-.081,-.411,.908);es="Linear";ed="In";};["RShoulderJ"]={cf=cfr(0,0,0,.738,.484,-.47,-.545,.839,.009,.399,.249,.883);es="Linear";ed="In";};["RArmJ"]={cf=cfr(0,0,0,.693,-.721,.006,.721,.693,-.003,-.002,.006,1);es="Linear";ed="In";};["RHandN"]={cf=cfr(.008,.001,.002,.915,-.402,-.025,.402,.916,.001,.023,-.011,1);es="Linear";ed="In";};["RThumbNa"]={cf=cfr(0,0,0,.782,.068,.62,.255,.872,-.418,-.569,.484,.665);es="Linear";ed="In";};["RThumbNb"]={cf=cfr(0,0,0,.903,.068,-.42