return {{tm=0;["BlinkM"]={cf=cfr(0,0,0,1,0,0,0,1,0,0,0,1);es="Linear";ed="In";};["BlinkHalfM_end"]={cf=cfr(0,0,0,1,0,0,0,1,0,0,0,1);es="Linear";ed="In";};["R3rdNb_end"]={cf=cfr(-1.158,1.618,-3.028,.428,.887,.175,.431,-.37,.823,.794,-.277,-.541);es="Linear";ed="In";};["EyeYellowM_end"]={cf=cfr(0,0,0,1,0,0,0,1,0,0,0,1);es="Linear";ed="In";};["L3rdNb_end"]={cf=cfr(2.839,-2.937,8.043,.122,.875,.468,.797,-.367,.479,.591,.315,-.742);es="Linear";ed="In";};["FitFox00.mo"]={cf=cfr(0,0,0,1,0,0,0,1,0,0,0,1);es="Linear";ed="In";};["TopN"]={cf=cfr(0,0,0,1,0,0,0,1,0,0,0,1);es="Linear";ed="In";};["TransN"]={cf=cfr(0,0,0,1,0,0,0,1,0,0,0,1);es="Linear";ed="In";};["XRotN"]={cf=cfr(0,0,0,1,0,0,0,1,0,0,0,1);es="Linear";ed="In";};["YRotN"]={cf=cfr(0,0,0,1,0,0,0,1,0,0,0,1);es="Linear";ed="In";};["HipN"]={cf=cfr(-.125,-.177,1.335,.803,-.594,.034,.595,.804,.009,-.033,.013,.999);es="Linear";ed="In";};["LLegJ"]={cf=cfr(0,0,0,.655,.445,-.611,-.217,.885,.412,.724,-.137,.676);es="Linear";ed="In";};["LKneeJ"]={cf=cfr(0,0,0,.349,.025,.937,-.055,.998,-.006,-.935,-.05,.35);es="Linear";ed="In";};["LFootJ"]={cf=cfr(0,0,0,.968,.049,-.246,-.097,.977,-.188,.231,.206,.951);es="Linear";ed="In";};["LToeN"]={cf=cfr(0,0,0,.986,-.005,-.168,.007,1,.011,.168,-.012,.986);es="Linear";ed="In";};["RLegJ"]={cf=cfr(0,0,0,.97,.087,-.229,-.027,.967,.253,.243,-.239,.94);es="Linear";ed="In";};["RKneeJ"]={cf=cfr(0,0,0,.494,-.1,.864,.053,.995,.085,-.868,.003,.496);es="Linear";ed="In";};["RFootJ"]={cf=cfr(0,0,0,.934,-.061,-.351,-.078,.926,-.369,.348,.373,.86);es="Linear";ed="In";};["RToeN"]={cf=cfr(0,0,0,.898,-.009,-.44,.023,.999,.027,.439,-.035,.898);es="Linear";ed="In";};["WaistN"]={cf=cfr(0,0,0,.964,.208,.165,-.2,.978,-.06,-.174,.024,.984);es="Linear";ed="In";};["BustN"]={cf=cfr(0,0,0,.961,.198,.195,-.192,.98,-.049,-.201,.01,.98);es="Linear";ed="In";};["RShoulderN"]={cf=cfr(0,0,0,.919,-.394,-.004,.393,.917,.071,-.024,-.067,.997);es="Linear";ed="In";};["RShoulderJ"]={cf=cfr(0,0,0,.329,-.818,-.471,.943,.311,.119,.05,-.483,.874);es="Linear";ed="In";};["RArmJ"]={cf=cfr(0,0,0,.651,-.757,-.052,.759,.65,.033,.009,-.061,.998);es="Linear";ed="In";};["RHandN"]={cf=cfr(0,0,0,-.115,-.06,-.992,-.039,.998,-.056,.993,.032,-.117);es="Linear";ed="In";};["RThumbNa"]={cf=cfr(0,0,0,.782,.068,.62,.255,.872,-.418,-.569,.484,.665);es="Linear";ed="In";};["RThumbNb"]={cf=cfr(0,0,0,.839,.505,-.204,-.544,.786,-.294,.012,.357,.934);es="Linear";ed="In";};["R3rdNa"]={cf=cfr(0,0,0,1,.003,.004,.003,.314,-.95,-.004,.95,.314);es="Linear";ed="In";};["R3rdNb"]={cf=cfr(0,0,0,1,.003,.004,.003,.382,-.924,-.004,.924,.382);es="Linear";ed="In";};["R2ndNa"]={cf=cfr(0,0,0,1,.003,.004,.002,.431,-.902,-.004,.902,.431);es="Linear";ed="In";};["R2ndNb"]={cf=cfr(0,0,0,1,.003,.004,.003,.382,-.924,-.004,.924,.382);es="Linear";ed="In";};["R1stNa"]={cf=cfr(0,0,0,1,.002,.004,.002,.542,-.84,-.004,.84,.542);es="Linear";ed="In";};["R1stNb"]={cf=cfr(0,0,0,1,.003,.004,.003,.382,-.924,-.004,.924,.382);es="Linear";ed="In";};["R4thNa"]={cf=cfr(0,0,0,1,.004,.004,.003,.208,-.978,-.005,.978,.208);es="Linear";ed="In";};["R4thNb"]={cf=cfr(0,0,0,1,.003,.004,.003,.382,-.924,-.004,.924,.382);es="Linear";ed="In";};["RHandNb"]={cf=cfr(.006,-.001,-.014,.998,-.062,.006,.062,.988,-.145,.003,.145,.989);es="Linear";ed="In";};["RASabN"]={cf=cfr(.126,-.325,-.005,.96,.152,.236,-.096,.968,-.233,-.264,.201,.944);es="Linear";ed="In";};["RSSabN"]={cf=cfr(0,0,0,.92,-.001,.392,-.001,1,.004,-.392,-.004,.92);es="Linear";ed="In";};["NeckN"]={cf=cfr(0,0,0,.784,.185,-.592,-.176,.982,.073,.595,.046,.802);es="Linear";ed="In";};["HeadN"]={cf=cfr(0,0,0,.846,-.009,.533,.008,1,.004,-.533,0,.846);es="Linear";ed="In";};["ScopeN"]={cf=cfr(0,0,0,1,0,0,0,1,0,0,0,1);es="Linear";ed="In";};["MouthN"]={cf=cfr(0,0,0,1,0,0,0,1,0,0,0,1);es="Linear";ed="In";};["LShoulderN"]={cf=cfr(0,0,0,.971,-.236,-.035,.237,.97,.053,.021,-.06,.998);es="Linear";ed="In";};["LShoulderJ"]={cf=cfr(0,0,0,-.08,-.948,-.307,.645,.185,-.741,.76,-.257,.597);es="Linear";ed="In";};["LArmJ"]={cf=cfr(0,0,0,.229,-.876,-.424,.971,.234,.041,.064,-.421,.905);es="Linear";ed="In";};["LHandN"]={cf=cfr(0,0,0,.107,-.486,-.867,.32,.843,-.433,.941,-.231,.246);es="Linear";ed="In";};["L3rdNa"]={cf=cfr(0,0,0,1,-.003,-.002,-.001,.318,-.948,.003,.948,.318);es="Linear";ed="In";};["L3rdNb"]={cf=cfr(0,0,0,1,-.003,-.002,-.001,.318,-.948,.003,.948,.318);es="Linear";ed="In";};["LThumbNa"]={cf=cfr(0,0,0,.972,.236,-.002,-.195,.795,-.574,-.134,.558,.819);es="Linear";ed="In";};["LThumbNb"]={cf=cfr(0,0,0,.57,.822,-.005,-.822,.57,.002,.004,.003,1);es="Linear";ed="In";};["L2ndNa"]={cf=cfr(0,0,0,1,-.003,-.002,0,.318,-.948,.003,.948,.318);es="Linear";ed="In";};["L2ndNb"]={cf=cfr(0,0,0,1,-.003,-.002,-.001,.318,-.948,.003,.948,.318);es="Linear";ed="In";};["L1stNa"]={cf=cfr(0,0,0,1,-.003,-.001,0,.318,-.948,.003,.948,.318);es="Linear";ed="In";};["L1stNb"]={cf=cfr(0,0,0,1,0,-.004,-.003,.318,-.948,.002,.948,.318);es="Linear";ed="In";};["LHandNb"]={cf=cfr(.036,-.012,.035,.916,.37,-.155,-.401,.856,-.327,.012,.362,.932);es="Linear";ed="In";};["L4thNa"]={cf=cfr(0,0,0,1,-.003,-.002,-.001,.318,-.948,.003,.948,.318);es="Linear";ed="In";};["L4thNb"]={cf=cfr(0,0,0,1,0,-.004,-.003,.318,-.948,.002,.948,.318);es="Linear";ed="In";};["LASabN"]={cf=cfr(-.069,.492,.113,.037,.389,.921,.366,.852,-.374,-.93,.351,-.111);es="Linear";ed="In";};["LSSabN"]={cf=cfr(0,0,0,.432,-.006,.902,-.006,1,.01,-.902,-.01,.432);es="Linear";ed="In";};["BackN"]={cf=cfr(0,0,0,1,0,0,0,1,0,0,0,1);es="Linear";ed="In";};["ReflectorN"]={cf=cfr(0,0,0,1,0,0,0,1,0,0,0,1);es="Linear";ed="In";};["TailNa"]={cf=cfr(0,0,0,1,0,0,0,.94,.342,0,-.342,.94);es="Linear";ed="In";};["TailNb"]={cf=cfr(0,0,0,1,0,0,0,.827,.563,0,-.563,.827);es="Linear";ed="In";};["TailNc"]={cf=cfr(0,0,0,1,0,0,0,.871,.491,0,-.491,.871);es="Linear";ed="In";};["LSSabN_end"]={cf=cfr(2.267,-.574,-2.05,.752,.258,-.607,-.017,.927,.374,.659,-.271,.702);es="Linear";ed="In";};["FaceM_end"]={cf=cfr(0,0,0,1,0,0,0,1,0,0,0,1);es="Linear";ed="In";};["OuchM"]={cf=cfr(0,0,0,1,0,0,0,1,0,0,0,1);es="Linear";ed="In";};["L2ndNb_end"]={cf=cfr(3.18,-9.095,1.49,.108,.88,.463,-.177,-.442,.88,.978,-.177,.108);es="Linear";ed="In";};["EyeYellowM"]={cf=cfr(0,0,0,1,0,0,0,1,0,0,0,1);es="Linear";ed="In";};["LThumbNb_end"]={cf=cfr(6.44,-4.478,-2.593,.25,.968,-.025,-.529,.158,.834,.811,-.195,.551);es="Linear";ed="In";};["ReflectorN_end"]={cf=cfr(.593,-2.703,.268,.737,-.196,-.647,.007,.959,-.282,.676,.204,.709);es="Linear";ed="In";};["RHaveN"]={cf=cfr(-1.053,-3.689,1.624,.461,.363,.81,-.017,.916,-.4,-.887,.171,.428);es="Linear";ed="In";};["ThrowN_end"]={cf=cfr(0,0,0,1,0,0,0,1,0,0,0,1);es="Linear";ed="In";};["BlasterM"]={cf=cfr(0,0,0,1,0,0,0,1,0,0,0,1);es="Linear";ed="In";};["R4thNb_end"]={cf=cfr(-.879,.003,-4.033,.429,.887,.17,.715,-.448,.537,.553,-.109,-.826);es="Linear";ed="In";};["BlinkHalfM"]={cf=cfr(0,0,0,1,0,0,0,1,0,0,0,1);es="Linear";ed="In";};["FacePattern"]={cf=cfr(0,0,0,1,0,0,0,1,0,0,0,1);es="Linear";ed="In";};["L4thNb_end"]={cf=cfr(2.53,2.576,7.46,.132,.878,.46,.989,-.089,-.114,-.059,.47,-.881);es="Linear";ed="In";};["BackN_end"]={cf=cfr(.346,-2.055,-.119,.737,-.577,-.352,.36,.776,-.518,.572,.255,.78);es="Linear";ed="In";};["BlasterM_end"]={cf=cfr(0,0,0,1,0,0,0,1,0,0,0,1);es="Linear";ed="In";};["RSSabN_end"]={cf=cfr(.007,1.165,3.139,.87,.236,-.433,-.068,.927,.369,.488,-.291,.823);es="Linear";ed="In";};["BlinkM_end"]={cf=cfr(0,0,0,1,0,0,0,1,0,0,0,1);es="Linear";ed="In";};["OuchM_end"]={cf=cfr(0,0,0,1,0,0,0,1,0,0,0,1);es="Linear";ed="In";};["LHandNb_end"]={cf=cfr(4.033,-4.971,1.352,.495,.632,-.596,-.825,.127,-.551,-.272,.764,.584);es="Linear";ed="In";};["LToeN_end"]={cf=cfr(3.423,-1.579,.427,.416,.902,-.116,-.9,.39,-.197,-.132,.187,.974);es="Linear";ed="In";};["TailNc_end"]={cf=cfr(1.26,1.512,1.673,.816,-.054,.576,.578,.125,-.807,-.028,.991,.133);es="Linear";ed="In";};["RHaveN_end"]={cf=cfr(0,0,0,1,0,0,0,1,0,0,0,1);es="Linear";ed="In";};["R1stNb_end"]={cf=cfr(-1.506,.178,3.391,.428,.887,.173,-.898,.396,.189,.099,-.237,.967);es="Linear";ed="In";};["LHaveN_end"]={cf=cfr(0,0,0,1,0,0,0,1,0,0,0,1);es="Linear";ed="In";};["LHaveN"]={cf=cfr(5.47,4.212,1.71,-.158,.508,.847,-.455,.723,-.519,-.876,-.468,.117);es="Linear";ed="In";};["FaceM"]={cf=cfr(0,0,0,1,0,0,0,1,0,0,0,1);es="Linear";ed="In";};["ScopeN_end"]={cf=cfr(-.899,.782,3.539,.993,.01,-.116,-.009,1,.015,.116,-.014,.993);es="Linear";ed="In";};["L1stNb_end"]={cf=cfr(3.405,-8.5,-2.442,.096,.882,.462,-.613,-.313,.725,.784,-.353,.511);es="Linear";ed="In";};["RHandNb_end"]={cf=cfr(-3.813,-1.193,1.573,.972,.227,.066,-.078,.573,-.816,-.223,.788,.574);es="Linear";ed="In";};["RootNode"]={cf=cfr(0,0,0,-1,0,0,0,1,0,0,0,-1);es="Linear";ed="In";};["FitFox00.ao"]={cf=cfr(0,0,0,1,0,0,0,1,0,0,0,1);es="Linear";ed="In";};["RASabN_end"]={cf=cfr(.072,-.416,4.402,.737,.585,-.339,-.59,.801,.101,.331,.126,.935);es="Linear";ed="In";};["RToeN_end"]={cf=cfr(-.159,2.827,.62,-.15,-.988,-.035,.976,-.142,-.163,.156,-.059,.986);es="Linear";ed="In";};["R2ndNb_end"]={cf=cfr(-1.457,1.394,2.919,.431,.889,.155,-.834,.327,.445,.345,-.321,.882);es="Linear";ed="In";};["LASabN_end"]={cf=cfr(2.311,-2.542,-2.694,.516,.83,-.211,-.589,.522,.617,.622,-.194,.758);es="Linear";ed="In";};["ThrowN"]={cf=cfr(-3.86,0,-7.396,1,0,0,0,1,0,0,0,1);es="Linear";ed="In";};["RThumbNb_end"]={cf=cfr(-.682,-2.793,3.437,.758,.598,.26,-.569,.802,-.184,-.319,-.008,.948);es="Linear";ed="In";};["MouthN_end"]={cf=cfr(.22,1.267,-3.257,.988,-.011,-.157,-.002,.997,-.082,.157,.081,.984);es="Linear";ed="In";};};{tm=.542;["BlinkM"]={cf=cfr(0,0,0,1,0,0,0,1,0,0,0,1);es="Linear";ed="In";};["BlinkHalfM_end"]={cf=cfr(0,0,0,1,0,0,0,1,0,0,0,1);es="Linear";ed="In";};["R3rdNb_end"]={cf=cfr(-1.158,1.618,-3.028,.428,.887,.175,.431,-.37,.823,.794,-.277,-.541);es="Linear";ed="In";};["EyeYellowM_end"]={cf=cfr(0,0,0,1,0,0,0,1,0,0,0,1);es="Linear";ed="In";};["L3rdNb_end"]={cf=cfr(2.839,-2.937,8.043,.122,.875,.468,.797,-.367,.479,.591,.315,-.742);es="Linear";ed="In";};["FitFox00.mo"]={cf=cfr(0,0,0,1,0,0,0,1,0,0,0,1);es="Linear";ed="In";};["TopN"]={cf=cfr(0,0,0,1,0,0,0,1,0,0,0,1);es="Linear";ed="In";};["TransN"]={cf=cfr(0,0,0,1,0,0,0,1,0,0,0,1);es="Linear";ed="In";};["XRotN"]={cf=cfr(0,0,0,1,0,0,0,1,0,0,0,1);es="Linear";ed="In";};["YRotN"]={cf=cfr(0,0,0,1,0,0,0,1,0,0,0,1);es="Linear";ed="In";};["HipN"]={cf=cfr(-.125,-.177,1.335,.803,-.594,.034,.595,.804,.009,-.033,.013,.999);es="Linear";ed="In";};["LLegJ"]={cf=cfr(0,0,0,.655,.445,-.611,-.217,.885,.412,.724,-.137,.676);es="Linear";ed="In";};["LKneeJ"]={cf=cfr(0,0,0,.349,.025,.937,-.055,.998,-.006,-.935,-.05,.35);es="Linear";ed="In";};["LFootJ"]={cf=cfr(0,0,0,.968,.049,-.246,-.097,.977,-.188,.231,.206,.951);es="Linear";ed="In";};["LToeN"]={cf=cfr(0,0,0,.986,-.005,-.168,.007,1,.011,.168,-.012,.986);es="Linear";ed="In";};["RLegJ"]={cf=cfr(0,0,0,.97,.087,-.229,-.027,.967,.253,.243,-.239,.94);es="Linear";ed="In";};["RKneeJ"]={cf=cfr(0,0,0,.494,-.1,.864,.053,.995,.085,-.868,.003,.496);es="Linear";ed="In";};["RFootJ"]={cf=cfr(0,0,0,.934,-.061,-.351,-.078,.926,-.369,.348,.373,.86);es="Linear";ed="In";};["RToeN"]={cf=cfr(0,0,0,.898,-.009,-.44,.023,.999,.027,.439,-.035,.898);es="Linear";ed="In";};["WaistN"]={cf=cfr(0,0,0,.964,.208,.165,-.2,.978,-.06,-.174,.024,.984);es="Linear";ed="In";};["BustN"]={cf=cfr(0,0,0,.961,.198,.195,-.192,.98,-.049,-.201,.01,.98);es="Linear";ed="In";};["RShoulderN"]={cf=cfr(0,0,0,.919,-.394,-.004,.393,.917,.071,-.024,-.067,.997);es="Linear";ed="In";};["RShoulderJ"]={cf=cfr(0,0,0,.329,-.818,-.471,.943,.311,.119,.05,-.483,.874);es="Linear";ed="In";};["RArmJ"]={cf=cfr(0,0,0,.651,-.757,-.052,.759,.65,.033,.009,-.061,.998);es="Linear";ed="In";};["RHandN"]={cf=cfr(0,0,0,-.115,-.06,-.992,-.039,.998,-.056,.993,.032,-.117);es="Linear";ed="In";};["RThumbNa"]={cf=cfr(0,0,0,.782,.068,.62,.255,.872,-.418,-.569,.484,.665);es="Linear";ed="In";};["RThumbNb"]={cf=cfr(0,0,0,.839,.505,-.204,-.544,.786,-.294,.012,.357,.934);es="Linear";ed="In";};["R3rdNa"]={cf=cfr(0,0,0,1,.003,.004,.003,.314,-.95,-.004,.95,.314);es="Linear";ed="In";};["R3rdNb"]={cf=cfr(0,0,0,1,.003,.004,.003,.382,-.924,-.004,.924,.382);es="Linear";ed="In";};["R2ndNa"]={cf=cfr(0,0,0,1,.003,.004,.002,.431,-.902,-.004,.902,.431);es="Linear";ed="In";};["R2ndNb"]={cf=cfr(0,0,0,1,.003,.004,.003,.382,-.924,-.004,.924,.382);es="Linear";ed="In";};["R1stNa"]={cf=cfr(0,0,0,1,.002,.004,.002,.542,-.84,-.004,.84,.542);es="Linear";ed="In";};["R1stNb"]={cf=cfr(0,0,0,1,.003,.004,.003,.382,-.924,-.004,.924,.382);es="Linear";ed="In";};["R4thNa"]={cf=cfr(0,0,0,1,.004,.004,.003,.208,-.978,-.005,.978,.208);es="Linear";ed="In";};["R4thNb"]={cf=cfr(0,0,0,1,.003,.004,.003,.382,-.924,-.004,.924,.382);es="Linear";ed="In";};["RHandNb"]={cf=cfr(.006,-.001,-.014,.998,-.062,.006,.062,.988,-.145,.003,.145,.989);es="Linear";ed="In";};["RASabN"]={cf=cfr(.126,-.325,-.005,.96,.152,.236,-.096,.968,-.233,-.264,.201,.944);es="Linear";ed="In";};["RSSabN"]={cf=cfr(0,0,0,.92,-.001,.392,-.001,1,.004,-.392,-.004,.92);es="Linear";ed="In";};["NeckN"]={cf=cfr(0,0,0,.784,.185,-.592,-.176,.982,.073,.595,.046,.802);es="Linear";ed="In";};["HeadN"]={cf=cfr(0,0,0,.846,-.009,.533,.008,1,.004,-.533,0,.846);es="Linear";ed="In";};["ScopeN"]={cf=cfr(0,0,0,1,0,0,0,1,0,0,0,1);es="Linear";ed="In";};["MouthN"]={cf=cfr(0,0,0,1,0,0,0,1,0,0,0,1);es="Linear";ed="In";};["LShoulderN"]={cf=cfr(0,0,0,.971,-.236,-.035,.237,.97,.053,.021,-.06,.998);es="Linear";ed="In";};["LShoulderJ"]={cf=cfr(0,0,0,-.08,-.948,-.307,.645,.185,-.741,.76,-.257,.597);es="Linear";ed="In";};["LArmJ"]={cf=cfr(0,0,0,.229,-.876,-.424,.971,.234,.041,.064,-.421,.905);es="Linear";ed="In";};["LHandN"]={cf=cfr(0,0,0,.107,-.486,-.867,.32,.843,-.433,.941,-.231,.246);es="Linear";ed="In";};["L3rdNa"]={cf=cfr(0,0,0,1,-.003,-.002,-.001,.318,-.948,.003,.948,.318);es="Linear";ed="In";};["L3rdNb"]={cf=cfr(0,0,0,1,-.003,-.002,-.001,.318,-.948,.003,.948,.318);es="Linear";ed="In";};["LThumbNa"]={cf=cfr(0,0,0,.972,.236,-.002,-.195,.795,-.574,-.134,.558,.819);es="Linear";ed="In";};["LThumbNb"]={cf=cfr(0,0,0,.57,.822,-.005,-.822,.57,.002,.004,.003,1);es="Linear";ed="In";};["L2ndNa"]={cf=cfr(0,0,0,1,-.003,-.002,0,.318,-.948,.003,.948,.318);es="Linear";ed="In";};["L2ndNb"]={cf=cfr(0,0,0,1,-.003,-.002,-.001,.318,-.948,.003,.948,.318);es="Linear";ed="In";};["L1stNa"]={cf=cfr(0,0,0,1,-.003,-.001,0,.318,-.948,.003,.948,.318);es="Linear";ed="In";};["L1stNb"]={cf=cfr(0,0,0,1,0,-.004,-.003,.318,-.948,.002,.948,.318);es="Linear";ed="In";};["LHandNb"]={cf=cfr(.036,-.012,.035,.916,.37,-.155,-.401,.856,-.327,.012,.362,.932);es="Linear";ed="In";};["L4thNa"]={cf=cfr(0,0,0,1,-.003,-.002,-.001,.318,-.948,.003,.948,.318);es="Linear";ed="In";};["L4thNb"]={cf=cfr(0,0,0,1,0,-.004,-.003,.318,-.948,.002,.948,.318);es="Linear";ed="In";};["LASabN"]={cf=cfr(-.069,.492,.113,.037,.389,.921,.366,.852,-.374,-.93,.351,-.111);es="Linear";ed="In";};["LSSabN"]={cf=cfr(0,0,0,.432,-.006,.902,-.006,1,.01,-.902,-.01,.432);es="Linear";ed="In";};["BackN"]={cf=cfr(0,0,0,1,0,0,0,1,0,0,0,1);es="Linear";ed="In";};["ReflectorN"]={cf=cfr(0,0,0,1,0,0,0,1,0,0,0,1);es="Linear";ed="In";};["TailNa"]={cf=cfr(0,0,0,1,0,0,0,.94,.342,0,-.342,.94);es="Linear";ed="In";};["TailNb"]={cf=cfr(0,0,0,1,0,0,0,.827,.563,0,-.563,.827);es="Linear";ed="In";};["TailNc"]={cf=cfr(0,0,0,1,0,0,0,.871,.491,0,-.491,.871);es="Linear";ed="In";};["LSSabN_end"]={cf=cfr(2.267,-.574,-2.05,.752,.258,-.607,-.017,.927,.374,.659,-.271,.702);es="Linear";ed="In";};["FaceM_end"]={cf=cfr(0,0,0,1,0,0,0,1,0,0,0,1);es="Linear";ed="In";};["OuchM"]={cf=cfr(0,0,0,1,0,0,0,1,0,0,0,1);es="Linear";ed="In";};["L2ndNb_end"]={cf=cfr(3.18,-9.095,1.49,.108,.88,.463,-.177,-.442,.88,.978,-.177,.108);es="Linear";ed="In";};["EyeYellowM"]={cf=cfr(0,0,0,1,0,0,0,1,0,0,0,1);es="Linear";ed="In";};["LThumbNb_end"]={cf=cfr(6.44,-4.478,-2.593,.25,.968,-.025,-.529,.158,.834,.811,-.195,.551);es="Linear";ed="In";};["ReflectorN_end"]={cf=cfr(.593,-2.703,.268,.737,-.196,-.647,.007,.959,-.282,.676,.204,.709);es="Linear";ed="In";};["RHaveN"]={cf=cfr(-1.053,-3.689,1.624,.461,.363,.81,-.017,.916,-.4,-.887,.171,.428);es="Linear";ed="In";};["ThrowN_end"]={cf=cfr(0,0,0,1,0,0,0,1,0,0,0,1);es="Linear";ed="In";};["BlasterM"]={cf=cfr(0,0,0,1,0,0,0,1,0,0,0,1);es="Linear";ed="In";};["R4thNb_end"]={cf=cfr(-.879,.003,-4.033,.429,.887,.17,.715,-.448,.537,.553,-.109,-.826);es="Linear";ed="In";};["BlinkHalfM"]={cf=cfr(0,0,0,1,0,0,0,1,0,0,0,1);es="Linear";ed="In";};["FacePattern"]={cf=cfr(0,0,0,1,0,0,0,1,0,0,0,1);es="Linear";ed="In";};["L4thNb_end"]={cf=cfr(2.53,2.576,7.46,.132,.878,.46,.989,-.089,-.114,-.059,.47,-.881);es="Linear";ed="In";};["BackN_end"]={cf=cfr(.346,-2.055,-.119,.737,-.577,-.352,.36,.776,-.518,.572,.255,.78);es="Linear";ed="In";};["BlasterM_end"]={cf=cfr(0,0,0,1,0,0,0,1,0,0,0,1);es="Linear";ed="In";};["RSSabN_end"]={cf=cfr(.007,1.165,3.139,.87,.236,-.433,-.068,.927,.369,.488,-.291,.823);es="Linear";ed="In";};["BlinkM_end"]={cf=cfr(0,0,0,1,0,0,0,1,0,0,0,1);es="Linear";ed="In";};["OuchM_end"]={cf=cfr(0,0,0,1,0,0,0,1,0,0,0,1);es="Linear";ed="In";};["LHandNb_end"]={cf=cfr(4.033,-4.971,1.352,.495,.632,-.596,-.825,.127,-.551,-.272,.764,.584);es="Linear";ed="In";};["LToeN_end"]={cf=cfr(3.423,-1.579,.427,.416,.902,-.116,-.9,.39,-.197,-.132,.187,.974);es="Linear";ed="In";};["TailNc_end"]={cf=cfr(1.26,1.512,1.673,.816,-.054,.576,.578,.125,-.807,-.028,.991,.133);es="Linear";ed="In";};["RHaveN_end"]={cf=cfr(0,0,0,1,0,0,0,1,0,0,0,1);es="Linear";ed="In";};["R1stNb_end"]={cf=cfr(-1.506,.178,3.391,.428,.887,.173,-.898,.396,.189,.099,-.237,.967);es="Linear";ed="In";};["LHaveN_end"]={cf=cfr(0,0,0,1,0,0,0,1,0,0,0,1);es="Linear";ed="In";};["LHaveN"]={cf=cfr(5.47,4.212,1.71,-.158,.508,.847,-.455,.723,-.519,-.876,-.468,.117);es="Linear";ed="In";};["FaceM"]={cf=cfr(0,0,0,1,0,0,0,1,0,0,0,1);es="Linear";ed="In";};["ScopeN_end"]={cf=cfr(-.899,.782,3.539,.993,.01,-.116,-.009,1,.015,.116,-.014,.993);es="Linear";ed="In";};["L1stNb_end"]={cf=cfr(3.405,-8.5,-2.442,.096,.882,.462,-.613,-.313,.725,.784,-.353,.511);es="Linear";ed="In";};["RHandNb_end"]={cf=cfr(-3.813,-1.193,1.573,.972,.227,.066,-.078,.573,-.816,-.223,.788,.574);es="Linear";ed="In";};["RootNode"]={cf=cfr(0,0,0,-1,0,0,0,1,0,0,0,-1);es="Linear";ed="In";};["FitFox00.ao"]={cf=cfr(0,0,0,1,0,0,0,1,0,0,0,1);es="Linear";ed="In";};["RASabN_end"]={cf=cfr(.072,-.416,4.402,.737,.585,-.339,-.59,.801,.101,.331,.126,.935);es="Linear";ed="In";};["RToeN_end"]={cf=cfr(-.159,2.827,.62,-.15,-.988,-.035,.976,-.142,-.163,.156,-.059,.986);es="Linear";ed="In";};["R2ndNb_end"]={cf=cfr(-1.457,1.394,2.919,.431,.889,.155,-.834,.327,.445,.345,-.321,.882);es="Linear";ed="In";};["LASabN_end"]={cf=cfr(2.311,-2.542,-2.694,.516,.83,-.211,-.589,.522,.617,.622,-.194,.758);es="Linear";ed="In";};["ThrowN"]={cf=cfr(-3.86,0,-7.396,1,0,0,0,1,0,0,0,1);es="Linear";ed="In";};["RThumbNb_end"]={cf=cfr(-.682,-2.793,3.437,.758,.598,.26,-.569,.802,-.184,-.319,-.008,.948);es="Linear";ed="In";};["MouthN_end"]={cf=cfr(.22,1.267,-3.257,.988,-.011,-.157,-.002,.997,-.082,.157,.081,.984);es="Linear";ed="In";};};}
