-- // converted using mech's animoduler
local cfr = CFrame.new

return {{tm=0;["BlinkM"]={cf=cfr(0,0,0,1,0,0,0,1,0,0,0,1);es="Linear";ed="In";};["BlinkHalfM_end"]={cf=cfr(0,0,0,1,0,0,0,1,0,0,0,1);es="Linear";ed="In";};["R3rdNb_end"]={cf=cfr(-1.158,1.618,-3.028,.428,.887,.175,.431,-.37,.823,.794,-.277,-.541);es="Linear";ed="In";};["EyeYellowM_end"]={cf=cfr(0,0,0,1,0,0,0,1,0,0,0,1);es="Linear";ed="In";};["L3rdNb_end"]={cf=cfr(2.839,-2.937,8.043,.122,.875,.468,.797,-.367,.479,.591,.315,-.742);es="Linear";ed="In";};["FitFox00.mo"]={cf=cfr(0,0,0,1,0,0,0,1,0,0,0,1);es="Linear";ed="In";};["TopN"]={cf=cfr(0,0,0,1,0,0,0,1,0,0,0,1);es="Linear";ed="In";};["TransN"]={cf=cfr(0,0,0,1,0,0,0,1,0,0,0,1);es="Linear";ed="In";};["XRotN"]={cf=cfr(.282,0,0,1,0,-.002,0,1,0,.002,0,1);es="Linear";ed="In";};["YRotN"]={cf=cfr(0,0,0,1,0,0,0,1,0,0,0,1);es="Linear";ed="In";};["HipN"]={cf=cfr(.451,-.003,.376,.975,0,-.223,0,1,0,.223,0,.975);es="Linear";ed="In";};["LLegJ"]={cf=cfr(0,0,0,.981,-.051,-.187,.04,.997,-.061,.19,.052,.98);es="Linear";ed="In";};["LKneeJ"]={cf=cfr(0,0,0,.341,.057,.938,-.021,.998,-.053,-.94,-.001,.342);es="Linear";ed="In";};["LFootJ"]={cf=cfr(-.057,-.016,.008,.997,-.003,-.073,.01,.996,.089,.073,-.09,.993);es="Linear";ed="In";};["LToeN"]={cf=cfr(0,0,0,1,0,0,0,1,0,0,0,1);es="Linear";ed="In";};["RLegJ"]={cf=cfr(0,0,0,.425,.087,-.901,-.003,.996,.094,.905,-.037,.423);es="Linear";ed="In";};["RKneeJ"]={cf=cfr(0,0,0,.039,.081,.996,-.088,.993,-.077,-.995,-.085,.046);es="Linear";ed="In";};["RFootJ"]={cf=cfr(.062,-.001,-.008,.994,.107,.025,-.107,.994,-.018,-.027,.015,1);es="Linear";ed="In";};["RToeN"]={cf=cfr(0,0,0,1,0,0,0,1,0,0,0,1);es="Linear";ed="In";};["WaistN"]={cf=cfr(0,0,0,.983,-.185,.015,.186,.982,-.028,-.01,.031,.999);es="Linear";ed="In";};["BustN"]={cf=cfr(0,0,0,.81,-.143,.569,.192,.981,-.026,-.555,.13,.822);es="Linear";ed="In";};["RShoulderN"]={cf=cfr(0,0,0,.997,-.046,.062,.019,.924,.383,-.075,-.38,.922);es="Linear";ed="In";};["RShoulderJ"]={cf=cfr(0,0,0,.808,.354,-.471,-.423,.905,-.046,.41,.236,.881);es="Linear";ed="In";};["RArmJ"]={cf=cfr(0,0,0,.666,-.746,.006,.746,.666,-.002,-.002,.006,1);es="Linear";ed="In";};["RHandN"]={cf=cfr(.008,.001,.002,.929,-.315,-.195,.318,.948,-.016,.19,-.047,.981);es="Linear";ed="In";};["RThumbNa"]={cf=cfr(0,0,0,.856,.094,.508,.156,.89,-.429,-.492,.446,.747);es="Linear";ed="In";};["RThumbNb"]={cf=cfr(0,0,0,.921,.106,-.374,-.135,.989,-.052,.364,.099,.926);es="Linear";ed="In";};["R2ndNa"]={cf=cfr(0,0,0,1,0,.005,.005,.559,-.829,-.003,.829,.559);es="Linear";ed="In";};["R2ndNb"]={cf=cfr(0,0,0,1,.002,.004,.002,.42,-.907,-.004,.907,.42);es="Linear";ed="In";};["R1stNa"]={cf=cfr(0,0,0,1,.004,.002,-.001,.646,-.763,-.004,.763,.646);es="Linear";ed="In";};["R1stNb"]={cf=cfr(0,0,0,1,.002,.004,.002,.404,-.915,-.004,.915,.404);es="Linear";ed="In";};["R3rdNa"]={cf=cfr(0,0,0,1,.003,.003,.001,.45,-.893,-.004,.893,.45);es="Linear";ed="In";};["R3rdNb"]={cf=cfr(0,0,0,1,.003,.003,.002,.422,-.907,-.004,.907,.422);es="Linear";ed="In";};["R4thNa"]={cf=cfr(0,0,0,1,.003,.004,.002,.346,-.938,-.004,.938,.346);es="Linear";ed="In";};["R4thNb"]={cf=cfr(0,0,0,1,.003,.004,.002,.429,-.903,-.004,.903,.429);es="Linear";ed="In";};["RHandNb"]={cf=cfr(-.007,.002,-.031,.998,.056,-.038,-.065,.95,-.305,.019,.307,.952);es="Linear";ed="In";};["RASabN"]={cf=cfr(.127,-.289,.001,.923,.047,.382,.023,.984,-.178,-.384,.173,.907);es="Linear";ed="In";};["RSSabN"]={cf=cfr(0,0,0,.886,-.001,.463,-.001,1,.005,-.463,-.005,.886);es="Linear";ed="In";};["NeckN"]={cf=cfr(0,0,0,.925,.365,.106,-.364,.931,-.034,-.111,-.007,.994);es="Linear";ed="In";};["HeadN"]={cf=cfr(0,0,0,.983,-.067,.169,.072,.997,-.029,-.166,.041,.985);es="Linear";ed="In";};["ScopeN"]={cf=cfr(0,0,0,1,0,0,0,1,0,0,0,1);es="Linear";ed="In";};["MouthN"]={cf=cfr(0,0,0,.987,0,.16,0,1,0,-.16,0,.987);es="Linear";ed="In";};["LShoulderN"]={cf=cfr(0,0,0,.999,-.026,.041,.015,.97,.242,-.046,-.241,.97);es="Linear";ed="In";};["LShoulderJ"]={cf=cfr(0,0,0,.939,-.257,-.227,.182,.935,-.306,.291,.246,.925);es="Linear";ed="In";};["LArmJ"]={cf=cfr(0,0,0,.72,-.694,.007,.694,.72,-.002,-.004,.006,1);es="Linear";ed="In";};["LHandN"]={cf=cfr(-.009,-.001,-.002,.884,-.434,-.172,.402,.895,-.193,.238,.102,.966);es="Linear";ed="In";};["LThumbNa"]={cf=cfr(0,0,0,.972,.23,-.05,-.233,.918,-.321,-.028,.324,.946);es="Linear";ed="In";};["LThumbNb"]={cf=cfr(0,0,0,.992,.128,-.002,-.128,.992,0,.002,.001,1);es="Linear";ed="In";};["L3rdNa"]={cf=cfr(0,0,0,1,-.002,-.002,0,.601,-.799,.003,.799,.601);es="Linear";ed="In";};["L3rdNb"]={cf=cfr(0,0,0,1,-.002,-.002,0,.524,-.852,.002,.852,.524);es="Linear";ed="In";};["L2ndNa"]={cf=cfr(0,0,0,1,-.005,0,.003,.614,-.789,.004,.789,.614);es="Linear";ed="In";};["L2ndNb"]={cf=cfr(0,0,0,1,-.002,-.002,0,.522,-.853,.002,.853,.522);es="Linear";ed="In";};["L1stNa"]={cf=cfr(0,0,0,1,0,-.003,-.002,.614,-.789,.002,.789,.614);es="Linear";ed="In";};["L1stNb"]={cf=cfr(0,0,0,1,0,-.003,-.002,.507,-.862,.001,.862,.507);es="Linear";ed="In";};["L4thNa"]={cf=cfr(0,0,0,1,-.002,-.001,0,.585,-.811,.003,.811,.585);es="Linear";ed="In";};["L4thNb"]={cf=cfr(0,0,0,1,0,-.003,-.002,.53,-.848,.001,.848,.53);es="Linear";ed="In";};["LHandNb"]={cf=cfr(.017,-.006,.039,.966,.241,-.097,-.26,.905,-.337,.007,.351,.936);es="Linear";ed="In";};["LASabN"]={cf=cfr(-.124,.251,-.002,.945,-.142,.295,.102,.984,.147,-.311,-.109,.944);es="Linear";ed="In";};["LSSabN"]={cf=cfr(0,0,0,.963,0,.27,0,1,.003,-.27,-.003,.963);es="Linear";ed="In";};["BackN"]={cf=cfr(0,0,0,.85,.526,-.033,-.518,.82,-.243,-.101,.224,.969);es="Linear";ed="In";};["ReflectorN"]={cf=cfr(0,0,0,1,0,0,0,1,0,0,0,1);es="Linear";ed="In";};["TailNa"]={cf=cfr(0,-.327,-.144,1,0,0,0,.877,.48,0,-.48,.877);es="Linear";ed="In";};["TailNb"]={cf=cfr(0,.288,.212,1,0,0,0,.912,.411,0,-.411,.912);es="Linear";ed="In";};["TailNc"]={cf=cfr(0,0,0,1,0,0,0,.977,-.214,0,.214,.977);es="Linear";ed="In";};["LSSabN_end"]={cf=cfr(2.267,-.574,-2.05,.752,.258,-.607,-.017,.927,.374,.659,-.271,.702);es="Linear";ed="In";};["FaceM_end"]={cf=cfr(0,0,0,1,0,0,0,1,0,0,0,1);es="Linear";ed="In";};["BlasterM_end"]={cf=cfr(0,0,0,1,0,0,0,1,0,0,0,1);es="Linear";ed="In";};["L2ndNb_end"]={cf=cfr(3.18,-9.095,1.49,.108,.88,.463,-.177,-.442,.88,.978,-.177,.108);es="Linear";ed="In";};["FacePattern"]={cf=cfr(0,0,0,1,0,0,0,1,0,0,0,1);es="Linear";ed="In";};["EyeYellowM"]={cf=cfr(0,0,0,1,0,0,0,1,0,0,0,1);es="Linear";ed="In";};["ReflectorN_end"]={cf=cfr(.593,-2.703,.268,.737,-.196,-.647,.007,.959,-.282,.676,.204,.709);es="Linear";ed="In";};["RHaveN"]={cf=cfr(-1.053,-3.689,1.624,.461,.363,.81,-.017,.916,-.4,-.887,.171,.428);es="Linear";ed="In";};["ThrowN_end"]={cf=cfr(0,0,0,1,0,0,0,1,0,0,0,1);es="Linear";ed="In";};["BlasterM"]={cf=cfr(0,0,0,1,0,0,0,1,0,0,0,1);es="Linear";ed="In";};["LThumbNb_end"]={cf=cfr(6.44,-4.478,-2.593,.25,.968,-.025,-.529,.158,.834,.811,-.195,.551);es="Linear";ed="In";};["R4thNb_end"]={cf=cfr(-.879,.003,-4.033,.429,.887,.17,.715,-.448,.537,.553,-.109,-.826);es="Linear";ed="In";};["BlinkHalfM"]={cf=cfr(0,0,0,1,0,0,0,1,0,0,0,1);es="Linear";ed="In";};["RThumbNb_end"]={cf=cfr(-.682,-2.793,3.437,.758,.598,.26,-.569,.802,-.184,-.319,-.008,.948);es="Linear";ed="In";};["L4thNb_end"]={cf=cfr(2.53,2.576,7.46,.132,.878,.46,.989,-.089,-.114,-.059,.47,-.881);es="Linear";ed="In";};["OuchM"]={cf=cfr(0,0,0,1,0,0,0,1,0,0,0,1);es="Linear";ed="In";};["LASabN_end"]={cf=cfr(2.311,-2.542,-2.694,.516,.83,-.211,-.589,.522,.617,.622,-.194,.758);es="Linear";ed="In";};["BackN_end"]={cf=cfr(.346,-2.055,-.119,.737,-.577,-.352,.36,.776,-.518,.572,.255,.78);es="Linear";ed="In";};["R2ndNb_end"]={cf=cfr(-1.457,1.394,2.919,.431,.889,.155,-.834,.327,.445,.345,-.321,.882);es="Linear";ed="In";};["FitFox00.ao"]={cf=cfr(0,0,0,1,0,0,0,1,0,0,0,1);es="Linear";ed="In";};["BlinkM_end"]={cf=cfr(0,0,0,1,0,0,0,1,0,0,0,1);es="Linear";ed="In";};["OuchM_end"]={cf=cfr(0,0,0,1,0,0,0,1,0,0,0,1);es="Linear";ed="In";};["LHandNb_end"]={cf=cfr(4.033,-4.971,1.352,.495,.632,-.596,-.825,.127,-.551,-.272,.764,.584);es="Linear";ed="In";};["RToeN_end"]={cf=cfr(-.159,2.827,.62,-.15,-.988,-.035,.976,-.142,-.163,.156,-.059,.986);es="Linear";ed="In";};["RHandNb_end"]={cf=cfr(-3.813,-1.193,1.573,.972,.227,.066,-.078,.573,-.816,-.223,.788,.574);es="Linear";ed="In";};["RHaveN_end"]={cf=cfr(0,0,0,1,0,0,0,1,0,0,0,1);es="Linear";ed="In";};["TailNc_end"]={cf=cfr(1.26,1.512,1.673,.816,-.054,.576,.578,.125,-.807,-.028,.991,.133);es="Linear";ed="In";};["LHaveN_end"]={cf=cfr(0,0,0,1,0,0,0,1,0,0,0,1);es="Linear";ed="In";};["FaceM"]={cf=cfr(0,0,0,1,0,0,0,1,0,0,0,1);es="Linear";ed="In";};["ScopeN_end"]={cf=cfr(-.899,.782,3.539,.993,.01,-.116,-.009,1,.015,.116,-.014,.993);es="Linear";ed="In";};["L1stNb_end"]={cf=cfr(3.405,-8.5,-2.442,.096,.882,.462,-.613,-.313,.725,.784,-.353,.511);es="Linear";ed="In";};["LHaveN"]={cf=cfr(5.47,4.212,1.71,-.158,.508,.847,-.455,.723,-.519,-.876,-.468,.117);es="Linear";ed="In";};["R1stNb_end"]={cf=cfr(-1.506,.178,3.391,.428,.887,.173,-.898,.396,.189,.099,-.237,.967);es="Linear";ed="In";};["LToeN_end"]={cf=cfr(3.423,-1.579,.427,.416,.902,-.116,-.9,.39,-.197,-.132,.187,.974);es="Linear";ed="In";};["RASabN_end"]={cf=cfr(.072,-.416,4.402,.737,.585,-.339,-.59,.801,.101,.331,.126,.935);es="Linear";ed="In";};["RootNode"]={cf=cfr(0,0,0,-1,0,0,0,1,0,0,0,-1);es="Linear";ed="In";};["ThrowN"]={cf=cfr(-.282,0,0,1,0,0,0,1,0,0,0,1);es="Linear";ed="In";};["RSSabN_end"]={cf=cfr(.007,1.165,3.139,.87,.236,-.433,-.068,.927,.369,.488,-.291,.823);es="Linear";ed="In";};["MouthN_end"]={cf=cfr(.22,1.267,-3.257,.988,-.011,-.157,-.002,.997,-.082,.157,.081,.984);es="Linear";ed="In";};};{tm=.043;["BlinkM"]={cf=cfr(0,0,0,1,0,0,0,1,0,0,0,1);es="Linear";ed="In";};["BlinkHalfM_end"]={cf=cfr(0,0,0,1,0,0,0,1,0,0,0,1);es="Linear";ed="In";};["R3rdNb_end"]={cf=cfr(-1.158,1.618,-3.028,.428,.887,.175,.431,-.37,.823,.794,-.277,-.541);es="Linear";ed="In";};["EyeYellowM_end"]={cf=cfr(0,0,0,1,0,0,0,1,0,0,0,1);es="Linear";ed="In";};["L3rdNb_end"]={cf=cfr(2.839,-2.937,8.043,.122,.875,.468,.797,-.367,.479,.591,.315,-.742);es="Linear";ed="In";};["FitFox00.mo"]={cf=cfr(0,0,0,1,0,0,0,1,0,0,0,1);es="Linear";ed="In";};["TopN"]={cf=cfr(0,0,0,1,0,0,0,1,0,0,0,1);es="Linear";ed="In";};["TransN"]={cf=cfr(0,0,0,1,0,0,0,1,0,0,0,1);es="Linear";ed="In";};["XRotN"]={cf=cfr(.282,0,0,.999,0,.032,0,1,0,-.032,0,.999);es="Linear";ed="In";};["YRotN"]={cf=cfr(0,0,0,1,0,0,0,1,0,0,0,1);es="Linear";ed="In";};["HipN"]={cf=cfr(.767,-.003,.435,.976,-.001,-.216,.001,1,0,.216,0,.976);es="Linear";ed="In";};["LLegJ"]={cf=cfr(0,0,0,.886,-.053,-.461,.04,.998,-.039,.463,.016,.886);es="Linear";ed="In";};["LKneeJ"]={cf=cfr(0,0,0,.188,.055,.981,-.017,.998,-.053,-.982,-.006,.189);es="Linear";ed="In";};["LFootJ"]={cf=cfr(-.057,-.016,.008,.995,-.007,-.096,.014,.997,.079,.096,-.08,.992);es="Linear";ed="In";};["LToeN"]={cf=cfr(0,0,0,1,0,0,0,1,0,0,0,1);es="Linear";ed="In";};["RLegJ"]={cf=cfr(0,0,0,.3,.093,-.949,.006,.995,.1,.954,-.036,.298);es="Linear";ed="In";};["RKneeJ"]={cf=cfr(0,0,0,-.068,.082,.994,-.075,.993,-.087,-.995,-.08,-.062);es="Linear";ed="In";};["RFootJ"]={cf=cfr(.062,-.001,-.008,.996,.091,-.011,-.091,.996,-.006,.01,.007,1);es="Linear";ed="In";};["RToeN"]={cf=cfr(0,0,0,1,0,0,0,1,0,0,0,1);es="Linear";ed="In";};["WaistN"]={cf=cfr(0,0,0,.984,-.159,.077,.161,.987,-.016,-.073,.028,.997);es="Linear";ed="In";};["BustN"]={cf=cfr(0,0,0,.795,-.123,.594,.166,.986,-.018,-.583,.113,.805);es="Linear";ed="In";};["RShoulderN"]={cf=cfr(0,0,0,.997,-.044,.059,.02,.934,.357,-.071,-.355,.932);es="Linear";ed="In";};["RShoulderJ"]={cf=cfr(0,0,0,.856,.202,-.475,-.287,.952,-.112,.429,.232,.873);es="Linear";ed="In";};["RArmJ"]={cf=cfr(0,0,0,.612,-.791,.005,.791,.612,-.002,-.002,.005,1);es="Linear";ed="In";};["RHandN"]={cf=cfr(.008,.001,.002,.869,-.268,-.416,.277,.96,-.04,.41,-.081,.908);es="Linear";ed="In";};["RThumbNa"]={cf=cfr(0,0,0,.921,.108,.375,.069,.9,-.43,-.384,.422,.821);es="Linear";ed="In";};["RThumbNb"]={cf=cfr(0,0,0,.936,.143,-.321,-.163,.986,-.035,.312,.085,.946);es="Linear";ed="In";};["R2ndNa"]={cf=cfr(0,0,0,1,0,.005,.003,.683,-.73,-.003,.73,.683);es="Linear";ed="In";};["R2ndNb"]={cf=cfr(0,0,0,1,.003,.004,.002,.457,-.89,-.004,.89,.457);es="Linear";ed="In";};["R1stNa"]={cf=cfr(0,0,0,1,.003,.002,-.001,.745,-.667,-.004,.667,.745);es="Linear";ed="In";};["R1stNb"]={cf=cfr(0,0,0,1,.003,.004,.002,.426,-.905,-.004,.905,.426);es="Linear";ed="In";};["R3rdNa"]={cf=cfr(0,0,0,1,.003,.003,.001,.586,-.81,-.004,.81,.586);es="Linear";ed="In";};["R3rdNb"]={cf=cfr(0,0,0,1,.003,.004,.002,.46,-.888,-.004,.888,.46);es="Linear";ed="In";};["R4thNa"]={cf=cfr(0,0,0,1,.003,.004,.002,.485,-.874,-.005,.874,.485);es="Linear";ed="In";};["R4thNb"]={cf=cfr(0,0,0,1,.003,.004,.002,.474,-.88,-.004,.88,.474);es="Linear";ed="In";};["RHandNb"]={cf=cfr(-.007,.002,-.031,.999,.04,-.031,-.047,.955,-.293,.018,.294,.956);es="Linear";ed="In";};["RASabN"]={cf=cfr(.127,-.289,.001,.926,.06,.372,.01,.983,-.184,-.376,.174,.91);es="Linear";ed="In";};["RSSabN"]={cf=cfr(0,0,0,.887,-.001,.462,-.001,1,.005,-.462,-.005,.887);es="Linear";ed="In";};["NeckN"]={cf=cfr(0,0,0,.942,.315,.116,-.313,.949,-.035,-.121,-.004,.993);es="Linear";ed="In";};["HeadN"]={cf=cfr(0,0,0,.984,-.058,.169,.064,.998,-.026,-.167,.037,.985);es="Linear";ed="In";};["ScopeN"]={cf=cfr(0,0,0,1,0,0,0,1,0,0,0,1);es="Linear";ed="In";};["MouthN"]={cf=cfr(0,0,0,.988,0,.157,0,1,0,-.157,0,.988);es="Linear";ed="In";};["LShoulderN"]={cf=cfr(0,0,0,.999,-.026,.04,.015,.972,.234,-.045,-.233,.971);es="Linear";ed="In";};["LShoulderJ"]={cf=cfr(0,0,0,.915,-.306,-.264,.231,.931,-.281,.332,.196,.923);es="Linear";ed="In";};["LArmJ"]={cf=cfr(0,0,0,.658,-.753,.006,.753,.658,-.001,-.003,.006,1);es="Linear";ed="In";};["LHandN"]={cf=cfr(-.009,-.001,-.002,.856,-.447,-.261,.375,.883,-.282,.357,.143,.923);es="Linear";ed="In";};["LThumbNa"]={cf=cfr(0,0,0,.971,.221,-.096,-.24,.922,-.304,.021,.318,.948);es="Linear";ed="In";};["LThumbNb"]={cf=cfr(0,0,0,.987,.161,-.002,-.161,.987,0,.002,.001,1);es="Linear";ed="In";};["L3rdNa"]={cf=cfr(0,0,0,1,-.002,-.002,0,.697,-.717,.003,.717,.697);es="Linear";ed="In";};["L3rdNb"]={cf=cfr(0,0,0,1,-.002,-.002,0,.546,-.838,.002,.838,.546);es="Linear";ed="In";};["L2ndNa"]={cf=cfr(0,0,0,1,-.004,0,.003,.721,-.692,.002,.692,.721);es="Linear";ed="In";};["L2ndNb"]={cf=cfr(0,0,0,1,-.002,-.002,0,.542,-.84,.002,.84,.542);es="Linear";ed="In";};["L1stNa"]={cf=cfr(0,0,0,1,0,-.002,-.002,.721,-.693,.002,.693,.721);es="Linear";ed="In";};["L1stNb"]={cf=cfr(0,0,0,1,0,-.003,-.002,.512,-.859,.001,.859,.512);es="Linear";ed="In";};["L4thNa"]={cf=cfr(0,0,0,1,-.002,-.001,0,.66,-.752,.003,.752,.66);es="Linear";ed="In";};["L4thNb"]={cf=cfr(0,0,0,1,0,-.003,-.002,.559,-.829,.002,.829,.559);es="Linear";ed="In";};["LHandNb"]={cf=cfr(.017,-.006,.039,.947,.303,-.11,-.322,.902,-.287,.013,.307,.952);es="Linear";ed="In";};["LASabN"]={cf=cfr(-.124,.251,-.002,.935,-.137,.328,.094,.985,.142,-.343,-.101,.934);es="Linear";ed="In";};["LSSabN"]={cf=cfr(0,0,0,.952,0,.307,0,1,.003,-.307,-.003,.952);es="Linear";ed="In";};["BackN"]={cf=cfr(0,0,0,.856,.515,-.033,-.507,.828,-.239,-.096,.221,.971);es="Linear";ed="In";};["ReflectorN"]={cf=cfr(0,0,0,1,0,0,0,1,0,0,0,1);es="Linear";ed="In";};["TailNa"]={cf=cfr(0,-.327,-.144,1,0,0,0,.882,.472,0,-.472,.882);es="Linear";ed="In";};["TailNb"]={cf=cfr(0,.288,.212,1,0,0,0,.915,.404,0,-.404,.915);es="Linear";ed="In";};["TailNc"]={cf=cfr(0,0,0,1,0,0,0,.986,.169,0,-.169,.986);es="Linear";ed="In";};["LSSabN_end"]={cf=cfr(2.267,-.574,-2.05,.752,.258,-.607,-.017,.927,.374,.659,-.271,.702);es="Linear";ed="In";};["FaceM_end"]={cf=cfr(0,0,0,1,0,0,0,1,0,0,0,1);es="Linear";ed="In";};["BlasterM_end"]={cf=cfr(0,0,0,1,0,0,0,1,0,0,0,1);es="Linear";ed="In";};["L2ndNb_end"]={cf=cfr(3.18,-9.095,1.49,.108,.88,.463,-.177,-.442,.88,.978,-.177,.108);es="Linear";ed="In";};["FacePattern"]={cf=cfr(0,0,0,1,0,0,0,1,0,0,0,1);es="Linear";ed="In";};["EyeYellowM"]={cf=cfr(0,0,0,1,0,0,0,1,0,0,0,1);es="Linear";ed="In";};["ReflectorN_end"]={cf=cfr(.593,-2.703,.268,.737,-.196,-.647,.007,.959,-.282,.676,.204,.709);es="Linear";ed="In";};["RHaveN"]={cf=cfr(-1.053,-3.689,1.624,.461,.363,.81,-.017,.916,-.4,-.887,.171,.428);es="Linear";ed="In";};["ThrowN_end"]={cf=cfr(0,0,0,1,0,0,0,1,0,0,0,1);es="Linear";ed="In";};["BlasterM"]={cf=cfr(0,0,0,1,0,0,0,1,0,0,0,1);es="Linear";ed="In";};["LThumbNb_end"]={cf=cfr(6.44,-4.478,-2.593,.25,.968,-.025,-.529,.158,.834,.811,-.195,.551);es="Linear";ed="In";};["R4thNb_end"]={cf=cfr(-.879,.003,-4.033,.429,.887,.17,.715,-.448,.537,.553,-.109,-.826);es="Linear";ed="In";};["BlinkHalfM"]={cf=cfr(0,0,0,1,0,0,0,1,0,0,0,1);es="Linear";ed="In";};["RThumbNb_end"]={cf=cfr(-.682,-2.793,3.437,.758,.598,.26,-.569,.802,-.184,-.319,-.008,.948);es="Linear";ed="In";};["L4thNb_end"]={cf=cfr(2.53,2.576,7.46,.132,.878,.46,.989,-.089,-.114,-.059,.47,-.881);es="Linear";ed="In";};["OuchM"]={cf=cfr(0,0,0,1,0,0,0,1,0,0,0,1);es="Linear";ed="In";};["LASabN_end"]={cf=cfr(2.311,-2.542,-2.694,.516,.83,-.211,-.589,.522,.617,.622,-.194,.758);es="Linear";ed="In";};["BackN_end"]={cf=cfr(.346,-2.055,-.119,.737,-.577,-.352,.36,.776,-.518,.572,.255,.78);es="Linear";ed="In";};["R2ndNb_end"]={cf=cfr(-1.457,1.394,2.919,.431,.889,.155,-.834,.327,.445,.345,-.321,.882);es="Linear";ed="In";};["FitFox00.ao"]={cf=cfr(0,0,0,1,0,0,0,1,0,0,0,1);es="Linear";ed="In";};["BlinkM_end"]={cf=cfr(0,0,0,1,0,0,0,1,0,0,0,1);es="Linear";ed="In";};["OuchM_end"]={cf=cfr(0,0,0,1,0,0,0,1,0,0,0,1);es="Linear";ed="In";};["LHandNb_end"]={cf=cfr(4.033,-4.971,1.352,.495,.632,-.596,-.825,.127,-.551,-.272,.764,.584);es="Linear";ed="In";};["RToeN_end"]={cf=cfr(-.159,2.827,.62,-.15,-.988,-.035,.976,-.142,-.163,.156,-.059,.986);es="Linear";ed="In";};["RHandNb_end"]={cf=cfr(-3.813,-1.193,1.573,.972,.227,.066,-.078,.573,-.816,-.223,.788,.574);es="Linear";ed="In";};["RHaveN_end"]={cf=cfr(0,0,0,1,0,0,0,1,0,0,0,1);es="Linear";ed="In";};["TailNc_end"]={cf=cfr(1.26,1.512,1.673,.816,-.054,.576,.578,.125,-.807,-.028,.991,.133);es="Linear";ed="In";};["LHaveN_end"]={cf=cfr(0,0,0,1,0,0,0,1,0,0,0,1);es="Linear";ed="In";};["FaceM"]={cf=cfr(0,0,0,1,0,0,0,1,0,0,0,1);es="Linear";ed="In";};["ScopeN_end"]={cf=cfr(-.899,.782,3.539,.993,.01,-.116,-.009,1,.015,.116,-.014,.993);es="Linear";ed="In";};["L1stNb_end"]={cf=cfr(3.405,-8.5,-2.442,.096,.882,.462,-.613,-.313,.725,.784,-.353,.511);es="Linear";ed="In";};["LHaveN"]={cf=cfr(5.47,4.212,1.71,-.158,.508,.847,-.455,.723,-.519,-.876,-.468,.117);es="Linear";ed="In";};["R1stNb_end"]={cf=cfr(-1.506,.178,3.391,.428,.887,.173,-.898,.396,.189,.099,-.237,.967);es="Linear";ed="In";};["LToeN_end"]={cf=cfr(3.423,-1.579,.427,.416,.902,-.116,-.9,.39,-.197,-.132,.187,.974);es="Linear";ed="In";};["RASabN_end"]={cf=cfr(.072,-.416,4.402,.737,.585,-.339,-.59,.801,.101,.331,.126,.935);es="Linear";ed="In";};["RootNode"]={cf=cfr(0,0,0,-1,0,0,0,1,0,0,0,-1);es="Linear";ed="In";};["ThrowN"]={cf=cfr(-.282,0,0,1,0,0,0,1,0,0,0,1);es="Linear";ed="In";};["RSSabN_end"]={cf=cfr(.007,1.165,3.139,.87,.236,-.433,-.068,.927,.369,.488,-.291,.823);es="Linear";ed="In";};["MouthN_end"]={cf=cfr(.22,1.267,-3.257,.988,-.011,-.157,-.002,.997,-.082,.157,.081,.984);es="Linear";ed="In";};};{tm=.085;["BlinkM"]={cf=cfr(0,0,0,1,0,0,0,1,0,0,0,1);es="Linear";ed="In";};["BlinkHalfM_end"]={cf=cfr(0,0,0,1,0,0,0,1,0,0,0,1);es="Linear";ed="In";};["R3rdNb_end"]={cf=cfr(-1.158,1.618,-3.028,.428,.887,.175,.431,-.37,.823,.794,-.277,-.541);es="Linear";ed="In";};["EyeYellowM_end"]={cf=cfr(0,0,0,1,0,0,0,1,0,0,0,1);es="Linear";ed="In";};["L3rdNb_end"]={cf=cfr(2.839,-2.937,8.043,.122,.875,.468,.797,-.367,.479,.591,.315,-.742);es="Linear";ed="In";};["FitFox00.mo"]={cf=cfr(0,0,0,1,0,0,0,1,0,0,0,1);es="Linear";ed="In";};["TopN"]={cf=cfr(0,0,0,1,0,0,0,1,0,0,0,1);es="Linear";ed="In";};["TransN"]={cf=cfr(0,0,0,1,0,0,0,1,0,0,0,1);es="Linear";ed="In";};["XRotN"]={cf=cfr(.282,0,0,.998,0,.065,0,1,0,-.065,0,.998);es="Linear";ed="In";};["YRotN"]={cf=cfr(0,0,0,1,0,0,0,1,0,0,0,1);es="Linear";ed="In";};["HipN"]={cf=cfr(1.083,-.003,.495,.978,-.002,-.209,.002,1,0,.209,-.001,.978);es="Linear";ed="In";};["LLegJ"]={cf=cfr(0,0,0,.716,-.055,-.696,.053,.998,-.025,.696,-.019,.718);es="Linear";ed="In";};["LKneeJ"]={cf=cfr(0,0,0,.031,.054,.998,-.013,.998,-.054,-.999,-.011,.031);es="Linear";ed="In";};["LFootJ"]={cf=cfr(-.057,-.016,.008,.993,-.01,-.119,.019,.997,.069,.118,-.071,.99);es="Linear";ed="In";};["LToeN"]={cf=cfr(0,0,0,1,0,0,0,1,0,0,0,1);es="Linear";ed="In";};["RLegJ"]={cf=cfr(0,0,0,.169,.1,-.981,.017,.994,.104,.985,-.034,.166);es="Linear";ed="In";};["RKneeJ"]={cf=cfr(0,0,0,-.175,.082,.981,-.06,.994,-.094,-.983,-.076,-.169);es="Linear";ed="In";};["RFootJ"]={cf=cfr(.062,-.001,-.008,.996,.074,-.047,-.074,.997,.004,.047,-.001,.999);es="Linear";ed="In";};["RToeN"]={cf=cfr(0,0,0,1,0,0,0,1,0,0,0,1);es="Linear";ed="In";};["WaistN"]={cf=cfr(0,0,0,.981,-.133,.139,.135,.991,-.007,-.137,.026,.99);es="Linear";ed="In";};["BustN"]={cf=cfr(0,0,0,.78,-.102,.617,.139,.99,-.012,-.61,.095,.787);es="Linear";ed="In";};["RShoulderN"]={cf=cfr(0,0,0,.998,-.041,.056,.02,.943,.332,-.067,-.33,.942);es="Linear";ed="In";};["RShoulderJ"]={cf=cfr(0,0,0,.884,.045,-.466,-.142,.974,-.175,.446,.22,.867);es="Linear";ed="In";};["RArmJ"]={cf=cfr(0,0,0,.556,-.831,.005,.831,.556,-.001,-.002,.005,1);es="Linear";ed="In";};["RHandN"]={cf=cfr(.008,.001,.002,.754,-.221,-.618,.244,.969,-.048,.609,-.115,.784);es="Linear";ed="In";};["RThumbNa"]={cf=cfr(0,0,0,.964,.123,.234,-.015,.91,-.415,-.264,.397,.879);es="Linear";ed="In";};["RThumbNb"]={cf=cfr(0,0,0,.947,.18,-.268,-.193,.981,-.021,.259,.072,.963);es="Linear";ed="In";};["R2ndNa"]={cf=cfr(0,0,0,1,.001,.004,.002,.791,-.612,-.004,.612,.791);es="Linear";ed="In";};["R2ndNb"]={cf=cfr(0,0,0,1,.003,.004,.002,.492,-.87,-.004,.87,.492);es="Linear";ed="In";};["R1stNa"]={cf=cfr(0,0,0,1,.003,.002,-.001,.829,-.559,-.003,.559,.829);es="Linear";ed="In";};["R1stNb"]={cf=cfr(0,0,0,1,.003,.004,.002,.447,-.895,-.004,.895,.447);es="Linear";ed="In";};["R3rdNa"]={cf=cfr(0,0,0,1,.003,.003,0,.707,-.707,-.004,.707,.707);es="Linear";ed="In";};["R3rdNb"]={cf=cfr(0,0,0,1,.003,.004,.002,.497,-.867,-.004,.867,.497);es="Linear";ed="In";};["R4thNa"]={cf=cfr(0,0,0,1,.003,.004,.001,.613,-.79,-.005,.79,.613);es="Linear";ed="In";};["R4thNb"]={cf=cfr(0,0,0,1,.003,.004,.002,.517,-.856,-.004,.856,.517);es="Linear";ed="In";};["RHandNb"]={cf=cfr(-.007,.002,-.031,.999,.024,-.025,-.03,.959,-.281,.018,.282,.959);es="Linear";ed="In";};["RASabN"]={cf=cfr(.127,-.289,.001,.93,.072,.361,-.002,.982,-.19,-.368,.175,.913);es="Linear";ed="In";};["RSSabN"]={cf=cfr(0,0,0,.888,-.001,.46,-.001,1,.005,-.46,-.005,.888);es="Linear";ed="In";};["NeckN"]={cf=cfr(0,0,0,.956,.264,.126,-.262,.965,-.034,-.13,0,.992);es="Linear";ed="In";};["HeadN"]={cf=cfr(0,0,0,.984,-.05,.169,.055,.998,-.024,-.167,.033,.985);es="Linear";ed="In";};["ScopeN"]={cf=cfr(0,0,0,1,0,0,0,1,0,0,0,1);es="Linear";ed="In";};["MouthN"]={cf=cfr(0,0,0,.988,0,.154,0,1,0,-.154,0,.988);es="Linear";ed="In";};["LShoulderN"]={cf=cfr(0,0,0,.999,-.025,.04,.016,.974,.227,-.045,-.226,.973);es="Linear";ed="In";};["LShoulderJ"]={cf=cfr(0,0,0,.886,-.355,-.299,.282,.923,-.261,.369,.147,.918);es="Linear";ed="In";};["LArmJ"]={cf=cfr(0,0,0,.591,-.807,.005,.807,.591,-.001,-.003,.005,1);es="Linear";ed="In";};["LHandN"]={cf=cfr(-.009,-.001,-.002,.818,-.46,-.346,.334,.869,-.366,.469,.183,.864);es="Linear";ed="In";};["LThumbNa"]={cf=cfr(0,0,0,.967,.212,-.142,-.245,.926,-.286,.071,.312,.948);es="Linear";ed="In";};["LThumbNb"]={cf=cfr(0,0,0,.981,.195,-.002,-.195,.981,0,.002,.001,1);es="Linear";ed="In";};["L3rdNa"]={cf=cfr(0,0,0,1,-.002,-.002,0,.782,-.623,.003,.623,.782);es="Linear";ed="In";};["L3rdNb"]={cf=cfr(0,0,0,1,-.002,-.002,0,.567,-.824,.002,.824,.567);es="Linear";ed="In";};["L2ndNa"]={cf=cfr(0,0,0,1,-.003,0,.003,.813,-.582,.002,.582,.813);es="Linear";ed="In";};["L2ndNb"]={cf=cfr(0,0,0,1,-.002,-.002,0,.562,-.827,.002,.827,.562);es="Linear";ed="In";};["L1stNa"]={cf=cfr(0,0,0,1,-.001,-.002,-.001,.813,-.582,.002,.582,.813);es="Linear";ed="In";};["L1stNb"]={cf=cfr(0,0,0,1,0,-.003,-.002,.517,-.856,.001,.856,.517);es="Linear";ed="In";};["L4thNa"]={cf=cfr(0,0,0,1,-.002,-.001,.001,.728,-.685,.002,.685,.728);es="Linear";ed="In";};["L4thNb"]={cf=cfr(0,0,0,1,0,-.003,-.002,.586,-.81,.002,.81,.586);es="Linear";ed="In";};["LHandNb"]={cf=cfr(.017,-.006,.039,.924,.365,-.118,-.383,.893,-.235,.02,.263,.965);es="Linear";ed="In";};["LASabN"]={cf=cfr(-.124,.251,-.002,.923,-.131,.361,.087,.987,.136,-.374,-.094,.923);es="Linear";ed="In";};["LSSabN"]={cf=cfr(0,0,0,.939,-.001,.343,-.001,1,.003,-.343,-.003,.939);es="Linear";ed="In";};["BackN"]={cf=cfr(0,0,0,.863,.504,-.032,-.497,.835,-.234,-.091,.218,.972);es="Linear";ed="In";};["ReflectorN"]={cf=cfr(0,0,0,1,0,0,0,1,0,0,0,1);es="Linear";ed="In";};["TailNa"]={cf=cfr(0,-.327,-.144,1,0,0,0,.886,.464,0,-.464,.886);es="Linear";ed="In";};["TailNb"]={cf=cfr(0,.288,.212,.998,.057,0,-.057,.985,.162,.009,-.162,.987);es="Linear";ed="In";};["TailNc"]={cf=cfr(0,0,0,1,0,0,0,.862,.507,0,-.507,.862);es="Linear";ed="In";};["LSSabN_end"]={cf=cfr(2.267,-.574,-2.05,.752,.258,-.607,-.017,.927,.374,.659,-.271,.702);es="Linear";ed="In";};["FaceM_end"]={cf=cfr(0,0,0,1,0,0,0,1,0,0,0,1);es="Linear";ed="In";};["BlasterM_end"]={cf=cfr(0,0,0,1,0,0,0,1,0,0,0,1);es="Linear";ed="In";};["L2ndNb_end"]={cf=cfr(3.18,-9.095,1.49,.108,.88,.463,-.177,-.442,.88,.978,-.177,.108);es="Linear";ed="In";};["FacePattern"]={cf=cfr(0,0,0,1,0,0,0,1,0,0,0,1);es="Linear";ed="In";};["EyeYellowM"]={cf=cfr(0,0,0,1,0,0,0,1,0,0,0,1);es="Linear";ed="In";};["ReflectorN_end"]={cf=cfr(.593,-2.703,.268,.737,-.196,-.647,.007,.959,-.282,.676,.204,.709);es="Linear";ed="In";};["RHaveN"]={cf=cfr(-1.053,-3.689,1.624,.461,.363,.81,-.017,.916,-.4,-.887,.171,.428);es="Linear";ed="In";};["ThrowN_end"]={cf=cfr(0,0,0,1,0,0,0,1,0,0,0,1);es="Linear";ed="In";};["BlasterM"]={cf=cfr(0,0,0,1,0,0,0,1,0,0,0,1);es="Linear";ed="In";};["LThumbNb_end"]={cf=cfr(6.44,-4.478,-2.593,.25,.968,-.025,-.529,.158,.834,.811,-.195,.551);es="Linear";ed="In";};["R4thNb_end"]={cf=cfr(-.879,.003,-4.033,.429,.887,.17,.715,-.448,.537,.553,-.109,-.826);es="Linear";ed="In";};["BlinkHalfM"]={cf=cfr(0,0,0,1,0,0,0,1,0,0,0,1);es="Linear";ed="In";};["RThumbNb_end"]={cf=cfr(-.682,-2.793,3.437,.758,.598,.26,-.569,.802,-.184,-.319,-.008,.948);es="Linear";ed="In";};["L4thNb_end"]={cf=cfr(2.53,2.576,7.46,.132,.878,.46,.989,-.089,-.114,-.059,.47,-.881);es="Linear";ed="In";};["OuchM"]={cf=cfr(0,0,0,1,0,0,0,1,0,0,0,1);es="Linear";ed="In";};["LASabN_end"]={cf=cfr(2.311,-2.542,-2.694,.516,.83,-.211,-.589,.522,.617,.622,-.194,.758);es="Linear";ed="In";};["BackN_end"]={cf=cfr(.346,-2.055,-.119,.737,-.577,-.352,.36,.776,-.518,.572,.255,.78);es="Linear";ed="In";};["R2ndNb_end"]={cf=cfr(-1.457,1.394,2.919,.431,.889,.155,-.834,.327,.445,.345,-.321,.882);es="Linear";ed="In";};["FitFox00.ao"]={cf=cfr(0,0,0,1,0,0,0,1,0,0,0,1);es="Linear";ed="In";};["BlinkM_end"]={cf=cfr(0,0,0,1,0,0,0,1,0,0,0,1);es="Linear";ed="In";};["OuchM_end"]={cf=cfr(0,0,0,1,0,0,0,1,0,0,0,1);es="Linear";ed="In";};["LHandNb_end"]={cf=cfr(4.033,-4.971,1.352,.495,.632,-.596,-.825,.127,-.551,-.272,.764,.584);es="Linear";ed="In";};["RToeN_end"]={cf=cfr(-.159,2.827,.62,-.15,-.988,-.035,.976,-.142,-.163,.156,-.059,.986);es="Linear";ed="In";};["RHandNb_end"]={cf=cfr(-3.813,-1.193,1.573,.972,.227,.066,-.078,.573,-.816,-.223,.788,.574);es="Linear";ed="In";};["RHaveN_end"]={cf=cfr(0,0,0,1,0,0,0,1,0,0,0,1);es="Linear";ed="In";};["TailNc_end"]={cf=cfr(1.26,1.512,1.673,.816,-.054,.576,.578,.125,-.807,-.028,.991,.133);es="Linear";ed="In";};["LHaveN_end"]={cf=cfr(0,0,0,1,0,0,0,1,0,0,0,1);es="Linear";ed="In";};["FaceM"]={cf=cfr(0,0,0,1,0,0,0,1,0,0,0,1);es="Linear";ed="In";};["ScopeN_end"]={cf=cfr(-.899,.782,3.539,.993,.01,-.116,-.009,1,.015,.116,-.014,.993);es="Linear";ed="In";};["L1stNb_end"]={cf=cfr(3.405,-8.5,-2.442,.096,.882,.462,-.613,-.313,.725,.784,-.353,.511);es="Linear";ed="In";};["LHaveN"]={cf=cfr(5.47,4.212,1.71,-.158,.508,.847,-.455,.723,-.519,-.876,-.468,.117);es="Linear";ed="In";};["R1stNb_end"]={cf=cfr(-1.506,.178,3.391,.428,.887,.173,-.898,.396,.189,.099,-.237,.967);es="Linear";ed="In";};["LToeN_end"]={cf=cfr(3.423,-1.579,.427,.416,.902,-.116,-.9,.39,-.197,-.132,.187,.974);es="Linear";ed="In";};["RASabN_end"]={cf=cfr(.072,-.416,4.402,.737,.585,-.339,-.59,.801,.101,.331,.126,.935);es="Linear";ed="In";};["RootNode"]={cf=cfr(0,0,0,-1,0,0,0,1,0,0,0,-1);es="Linear";ed="In";};["ThrowN"]={cf=cfr(-.282,0,0,1,0,0,0,1,0,0,0,1);es="Linear";ed="In";};["RSSabN_end"]={cf=cfr(.007,1.165,3.139,.87,.236,-.433,-.068,.927,.369,.488,-.291,.823);es="Linear";ed="In";};["MouthN_end"]={cf=cfr(.22,1.267,-3.257,.988,-.011,-.157,-.002,.997,-.082,.157,.081,.984);es="Linear";ed="In";};};{tm=.127;["BlinkM"]={cf=cfr(0,0,0,1,0,0,0,1,0,0,0,1);es="Linear";ed="In";};["BlinkHalfM_end"]={cf=cfr(0,0,0,1,0,0,0,1,0,0,0,1);es="Linear";ed="In";};["R3rdNb_end"]={cf=cfr(-1.158,1.618,-3.028,.428,.887,.175,.431,-.37,.823,.794,-.277,-.541);es="Linear";ed="In";};["EyeYellowM_end"]={cf=cfr(0,0,0,1,0,0,0,1,0,0,0,1);es="Linear";ed="In";};["L3rdNb_end"]={cf=cfr(2.839,-2.937,8.043,.122,.875,.468,.797,-.367,.479,.591,.315,-.742);es="Linear";ed="In";};["FitFox00.mo"]={cf=cfr(0,0,0,1,0,0,0,1,0,0,0,1);es="Linear";ed="In";};["TopN"]={cf=cfr(0,0,0,1,0,0,0,1,0,0,0,1);es="Linear";ed="In";};["TransN"]={cf=cfr(0,0,0,1,0,0,0,1,0,0,0,1);es="Linear";ed="In";};["XRotN"]={cf=cfr(.282,0,0,.995,0,.099,0,1,0,-.099,0,.995);es="Linear";ed="In";};["YRotN"]={cf=cfr(0,0,0,1,0,0,0,1,0,0,0,1);es="Linear";ed="In";};["HipN"]={cf=cfr(1.399,-.003,.554,.979,-.003,-.202,.003,1,0,.202,-.001,.979);es="Linear";ed="In";};["LLegJ"]={cf=cfr(0,0,0,.538,-.02,-.843,.057,.998,.013,.841,-.055,.538);es="Linear";ed="In";};["LKneeJ"]={cf=cfr(0,0,0,-.128,.053,.99,-.009,.998,-.054,-.992,-.016,-.127);es="Linear";ed="In";};["LFootJ"]={cf=cfr(-.057,-.016,.008,.99,-.014,-.142,.023,.998,.058,.141,-.061,.988);es="Linear";ed="In";};["LToeN"]={cf=cfr(0,0,0,1,0,0,0,1,0,0,0,1);es="Linear";ed="In";};["RLegJ"]={cf=cfr(0,0,0,.035,.107,-.994,.029,.994,.108,.999,-.032,.032);es="Linear";ed="In";};["RKneeJ"]={cf=cfr(0,0,0,-.28,.083,.957,-.045,.994,-.099,-.959,-.071,-.274);es="Linear";ed="In";};["RFootJ"]={cf=cfr(.062,-.001,-.008,.995,.058,-.082,-.057,.998,.013,.083,-.009,.997);es="Linear";ed="In";};["RToeN"]={cf=cfr(0,0,0,1,0,0,0,1,0,0,0,1);es="Linear";ed="In";};["WaistN"]={cf=cfr(0,0,0,.974,-.106,.201,.109,.994,-.002,-.2,.023,.98);es="Linear";ed="In";};["BustN"]={cf=cfr(0,0,0,.763,-.082,.641,.113,.994,-.007,-.636,.078,.768);es="Linear";ed="In";};["RShoulderN"]={cf=cfr(0,0,0,.998,-.039,.053,.021,.952,.306,-.062,-.304,.951);es="Linear";ed="In";};["RShoulderJ"]={cf=cfr(0,0,0,.891,-.081,-.446,-.021,.976,-.218,.453,.204,.868);es="Linear";ed="In";};["RArmJ"]={cf=cfr(0,0,0,.497,-.868,.004,.868,.497,-.001,-.001,.004,1);es="Linear";ed="In";};["RHandN"]={cf=cfr(.008,.001,.002,.637,-.174,-.751,.194,.979,-.063,.746,-.106,.657);es="Linear";ed="In";};["RThumbNa"]={cf=cfr(0,0,0,.987,.137,.089,-.093,.918,-.385,-.134,.371,.919);es="Linear";ed="In";};["RThumbNb"]={cf=cfr(0,0,0,.953,.217,-.213,-.224,.975,-.011,.206,.058,.977);es="Linear";ed="In";};["R2ndNa"]={cf=cfr(0,0,0,1,.001,.004,.001,.878,-.479,-.004,.479,.878);es="Linear";ed="In";};["R2ndNb"]={cf=cfr(0,0,0,1,.003,.004,.002,.527,-.85,-.004,.85,.527);es="Linear";ed="In";};["R1stNa"]={cf=cfr(0,0,0,1,.002,.002,-.001,.898,-.44,-.003,.44,.898);es="Linear";ed="In";};["R1stNb"]={cf=cfr(0,0,0,1,.003,.004,.002,.468,-.884,-.004,.884,.468);es="Linear";ed="In";};["R3rdNa"]={cf=cfr(0,0,0,1,.003,.003,-.001,.81,-.586,-.004,.586,.81);es="Linear";ed="In";};["R3rdNb"]={cf=cfr(0,0,0,1,.003,.004,.002,.534,-.846,-.004,.846,.534);es="Linear";ed="In";};["R4thNa"]={cf=cfr(0,0,0,1,.003,.004,0,.726,-.687,-.005,.687,.726);es="Linear";ed="In";};["R4thNb"]={cf=cfr(0,0,0,1,.003,.004,.002,.56,-.829,-.004,.829,.56);es="Linear";ed="In";};["RHandNb"]={cf=cfr(-.007,.002,-.031,1,.008,-.02,-.013,.963,-.269,.017,.269,.963);es="Linear";ed="In";};["RASabN"]={cf=cfr(.127,-.289,.001,.933,.084,.35,-.016,.981,-.195,-.36,.176,.916);es="Linear";ed="In";};["RSSabN"]={cf=cfr(0,0,0,.889,-.001,.458,-.001,1,.005,-.458,-.005,.889);es="Linear";ed="In";};["NeckN"]={cf=cfr(0,0,0,.968,.212,.135,-.21,.977,-.033,-.139,.003,.99);es="Linear";ed="In";};["HeadN"]={cf=cfr(0,0,0,.985,-.042,.169,.046,.999,-.021,-.168,.028,.985);es="Linear";ed="In";};["ScopeN"]={cf=cfr(0,0,0,1,0,0,0,1,0,0,0,1);es="Linear";ed="In";};["MouthN"]={cf=cfr(0,0,0,.989,0,.15,0,1,0,-.15,0,.989);es="Linear";ed="In";};["LShoulderN"]={cf=cfr(0,0,0,.999,-.025,.039,.016,.975,.22,-.044,-.219,.975);es="Linear";ed="In";};["LShoulderJ"]={cf=cfr(0,0,0,.853,-.403,-.331,.335,.91,-.245,.4,.098,.911);es="Linear";ed="In";};["LArmJ"]={cf=cfr(0,0,0,.52,-.854,.004,.854,.52,0,-.002,.004,1);es="Linear";ed="In";};["LHandN"]={cf=cfr(-.009,-.001,-.002,.751,-.514,-.415,.313,.83,-.461,.582,.216,.784);es="Linear";ed="In";};["LThumbNa"]={cf=cfr(0,0,0,.961,.203,-.188,-.25,.93,-.269,.12,.306,.945);es="Linear";ed="In";};["LThumbNb"]={cf=cfr(0,0,0,.974,.228,-.002,-.228,.974,0,.002,.001,1);es="Linear";ed="In";};["L3rdNa"]={cf=cfr(0,0,0,1,-.002,-.002,.001,.854,-.52,.003,.52,.854);es="Linear";ed="In";};["L3rdNb"]={cf=cfr(0,0,0,1,-.002,-.002,0,.588,-.809,.002,.809,.588);es="Linear";ed="In";};["L2ndNa"]={cf=cfr(0,0,0,1,-.002,0,.002,.889,-.459,.001,.459,.889);es="Linear";ed="In";};["L2ndNb"]={cf=cfr(0,0,0,1,-.002,-.002,0,.582,-.813,.002,.813,.582);es="Linear";ed="In";};["L1stNa"]={cf=cfr(0,0,0,1,-.001,-.002,0,.889,-.459,.002,.459,.889);es="Linear";ed="In";};["L1stNb"]={cf=cfr(0,0,0,1,0,-.003,-.002,.522,-.853,.001,.853,.522);es="Linear";ed="In";};["L4thNa"]={cf=cfr(0,0,0,1,-.002,-.001,.001,.79,-.613,.002,.613,.79);es="Linear";ed="In";};["L4thNb"]={cf=cfr(0,0,0,1,0,-.003,-.002,.613,-.79,.002,.79,.613);es="Linear";ed="In";};["LHandNb"]={cf=cfr(.017,-.006,.039,.897,.426,-.12,-.442,.878,-.184,.027,.218,.976);es="Linear";ed="In";};["LASabN"]={cf=cfr(-.124,.251,-.002,.911,-.125,.393,.08,.988,.13,-.405,-.086,.91);es="Linear";ed="In";};["LSSabN"]={cf=cfr(0,0,0,.926,-.001,.379,-.001,1,.003,-.379,-.003,.926);es="Linear";ed="In";};["BackN"]={cf=cfr(0,0,0,.869,.493,-.032,-.487,.843,-.23,-.086,.215,.973);es="Linear";ed="In";};["ReflectorN"]={cf=cfr(0,0,0,1,0,0,0,1,0,0,0,1);es="Linear";ed="In";};["TailNa"]={cf=cfr(0,-.327,-.144,1,0,0,0,.89,.456,0,-.456,.89);es="Linear";ed="In";};["TailNb"]={cf=cfr(0,.288,.212,.975,.221,0,-.219,.967,-.133,-.029,.13,.991);es="Linear";ed="In";};["TailNc"]={cf=cfr(0,0,0,1,0,0,0,.803,.596,0,-.596,.803);es="Linear";ed="In";};["LSSabN_end"]={cf=cfr(2.267,-.574,-2.05,.752,.258,-.607,-.017,.927,.374,.659,-.271,.702);es="Linear";ed="In";};["FaceM_end"]={cf=cfr(0,0,0,1,0,0,0,1,0,0,0,1);es="Linear";ed="In";};["BlasterM_end"]={cf=cfr(0,0,0,1,0,0,0,1,0,0,0,1);es="Linear";ed="In";};["L2ndNb_end"]={cf=cfr(3.18,-9.095,1.49,.108,.88,.463,-.177,-.442,.88,.978,-.177,.108);es="Linear";ed="In";};["FacePattern"]={cf=cfr(0,0,0,1,0,0,0,1,0,0,0,1);es="Linear";ed="In";};["EyeYellowM"]={cf=cfr(0,0,0,1,0,0,0,1,0,0,0,1);es="Linear";ed="In";};["ReflectorN_end"]={cf=cfr(.593,-2.703,.268,.737,-.196,-.647,.007,.959,-.282,.676,.204,.709);es="Linear";ed="In";};["RHaveN"]={cf=cfr(-1.053,-3.689,1.624,.461,.363,.81,-.017,.916,-.4,-.887,.171,.428);es="Linear";ed="In";};["ThrowN_end"]={cf=cfr(0,0,0,1,0,0,0,1,0,0,0,1);es="Linear";ed="In";};["BlasterM"]={cf=cfr(0,0,0,1,0,0,0,1,0,0,0,1);es="Linear";ed="In";};["LThumbNb_end"]={cf=cfr(6.44,-4.478,-2.593,.25,.968,-.025,-.529,.158,.834,.811,-.195,.551);es="Linear";ed="In";};["R4thNb_end"]={cf=cfr(-.879,.003,-4.033,.429,.887,.17,.715,-.448,.537,.553,-.109,-.826);es="Linear";ed="In";};["BlinkHalfM"]={cf=cfr(0,0,0,1,0,0,0,1,0,0,0,1);es="Linear";ed="In";};["RThumbNb_end"]={cf=cfr(-.682,-2.793,3.437,.758,.598,.26,-.569,.802,-.184,-.319,-.008,.948);es="Linear";ed="In";};["L4thNb_end"]={cf=cfr(2.53,2.576,7.46,.132,.878,.46,.989,-.089,-.114,-.059,.47,-.881);es="Linear";ed="In";};["OuchM"]={cf=cfr(0,0,0,1,0,0,0,1,0,0,0,1);es="Linear";ed="In";};["LASabN_end"]={cf=cfr(2.311,-2.542,-2.694,.516,.83,-.211,-.589,.522,.617,.622,-.194,.758);es="Linear";ed="In";};["BackN_end"]={cf=cfr(.346,-2.055,-.119,.737,-.577,-.352,.36,.776,-.518,.572,.255,.78);es="Linear";ed="In";};["R2ndNb_end"]={cf=cfr(-1.457,1.394,2.919,.431,.889,.155,-.834,.327,.445,.345,-.321,.882);es="Linear";ed="In";};["FitFox00.ao"]={cf=cfr(0,0,0,1,0,0,0,1,0,0,0,1);es="Linear";ed="In";};["BlinkM_end"]={cf=cfr(0,0,0,1,0,0,0,1,0,0,0,1);es="Linear";ed="In";};["OuchM_end"]={cf=cfr(0,0,0,1,0,0,0,1,0,0,0,1);es="Linear";ed="In";};["LHandNb_end"]={cf=cfr(4.033,-4.971,1.352,.495,.632,-.596,-.825,.127,-.551,-.272,.764,.584);es="Linear";ed="In";};["RToeN_end"]={cf=cfr(-.159,2.827,.62,-.15,-.988,-.035,.976,-.142,-.163,.156,-.059,.986);es="Linear";ed="In";};["RHandNb_end"]={cf=cfr(-3.813,-1.193,1.573,.972,.227,.066,-.078,.573,-.816,-.223,.788,.574);es="Linear";ed="In";};["RHaveN_end"]={cf=cfr(0,0,0,1,0,0,0,1,0,0,0,1);es="Linear";ed="In";};["TailNc_end"]={cf=cfr(1.26,1.512,1.673,.816,-.054,.576,.578,.125,-.807,-.028,.991,.133);es="Linear";ed="In";};["LHaveN_end"]={cf=cfr(0,0,0,1,0,0,0,1,0,0,0,1);es="Linear";ed="In";};["FaceM"]={cf=cfr(0,0,0,1,0,0,0,1,0,0,0,1);es="Linear";ed="In";};["ScopeN_end"]={cf=cfr(-.899,.782,3.539,.993,.01,-.116,-.009,1,.015,.116,-.014,.993);es="Linear";ed="In";};["L1stNb_end"]={cf=cfr(3.405,-8.5,-2.442,.096,.882,.462,-.613,-.313,.725,.784,-.353,.511);es="Linear";ed="In";};["LHaveN"]={cf=cfr(5.47,4.212,1.71,-.158,.508,.847,-.455,.723,-.519,-.876,-.468,.117);es="Linear";ed="In";};["R1stNb_end"]={cf=cfr(-1.506,.178,3.391,.428,.887,.173,-.898,.396,.189,.099,-.237,.967);es="Linear";ed="In";};["LToeN_end"]={cf=cfr(3.423,-1.579,.427,.416,.902,-.116,-.9,.39,-.197,-.132,.187,.974);es="Linear";ed="In";};["RASabN_end"]={cf=cfr(.072,-.416,4.402,.737,.585,-.339,-.59,.801,.101,.331,.126,.935);es="Linear";ed="In";};["RootNode"]={cf=cfr(0,0,0,-1,0,0,0,1,0,0,0,-1);es="Linear";ed="In";};["ThrowN"]={cf=cfr(-.282,0,0,1,0,0,0,1,0,0,0,1);es="Linear";ed="In";};["RSSabN_end"]={cf=cfr(.007,1.165,3.139,.87,.236,-.433,-.068,.927,.369,.488,-.291,.823);es="Linear";ed="In";};["MouthN_end"]={cf=cfr(.22,1.267,-3.257,.988,-.011,-.157,-.002,.997,-.082,.157,.081,.984);es="Linear";ed="In";};};{tm=.17;["BlinkM"]={cf=cfr(0,0,0,1,0,0,0,1,0,0,0,1);es="Linear";ed="In";};["BlinkHalfM_end"]={cf=cfr(0,0,0,1,0,0,0,1,0,0,0,1);es="Linear";ed="In";};["R3rdNb_end"]={cf=cfr(-1.158,1.618,-3.028,.428,.887,.175,.431,-.37,.823,.794,-.277,-.541);es="Linear";ed="In";};["EyeYellowM_end"]={cf=cfr(0,0,0,1,0,0,0,1,0,0,0,1);es="Linear";ed="In";};["L3rdNb_end"]={cf=cfr(2.839,-2.937,8.043,.122,.875,.468,.797,-.367,.479,.591,.315,-.742);es="Linear";ed="In";};["FitFox00.mo"]={cf=cfr(0,0,0,1,0,0,0,1,0,0,0,1);es="Linear";ed="In";};["TopN"]={cf=cfr(0,0,0,1,0,0,0,1,0,0,0,1);es="Linear";ed="In";};["TransN"]={cf=cfr(0,0,0,1,0,0,0,1,0,0,0,1);es="Linear";ed="In";};["XRotN"]={cf=cfr(.282,0,0,.991,0,.133,0,1,0,-.133,0,.991);es="Linear";ed="In";};["YRotN"]={cf=cfr(0,0,0,1,0,0,0,1,0,0,0,1);es="Linear";ed="In";};["HipN"]={cf=cfr(1.715,-.003,.614,.981,-.004,-.195,.004,1,0,.195,-.001,.981);es="Linear";ed="In";};["LLegJ"]={cf=cfr(0,0,0,.33,.015,-.944,.081,.996,.044,.94,-.091,.328);es="Linear";ed="In";};["LKneeJ"]={cf=cfr(0,0,0,-.283,.051,.958,-.005,.998,-.055,-.959,-.021,-.283);es="Linear";ed="In";};["LFootJ"]={cf=cfr(-.057,-.016,.008,.986,-.018,-.165,.026,.999,.048,.164,-.051,.985);es="Linear";ed="In";};["LToeN"]={cf=cfr(0,0,0,1,0,0,0,1,0,0,0,1);es="Linear";ed="In";};["RLegJ"]={cf=cfr(0,0,0,-.099,.113,-.989,.042,.993,.11,.994,-.031,-.103);es="Linear";ed="In";};["RKneeJ"]={cf=cfr(0,0,0,-.381,.083,.921,-.03,.994,-.102,-.924,-.067,-.376);es="Linear";ed="In";};["RFootJ"]={cf=cfr(.062,-.001,-.008,.992,.041,-.118,-.039,.999,.021,.119,-.017,.993);es="Linear";ed="In";};["RToeN"]={cf=cfr(0,0,0,1,0,0,0,1,0,0,0,1);es="Linear";ed="In";};["WaistN"]={cf=cfr(0,0,0,.962,-.08,.262,.082,.997,.001,-.261,.021,.965);es="Linear";ed="In";};["BustN"]={cf=cfr(0,0,0,.746,-.062,.663,.086,.996,-.004,-.66,.06,.749);es="Linear";ed="In";};["RShoulderN"]={cf=cfr(0,0,0,.998,-.036,.05,.021,.96,.28,-.058,-.279,.959);es="Linear";ed="In";};["RShoulderJ"]={cf=cfr(0,0,0,.884,-.206,-.42,.101,.961,-.257,.456,.185,.87);es="Linear";ed="In";};["RArmJ"]={cf=cfr(0,0,0,.435,-.901,.004,.901,.435,-.001,-.001,.004,1);es="Linear";ed="In";};["RHandN"]={cf=cfr(.008,.001,.002,.495,-.127,-.86,.