-- // converted using mech's animoduler
local cfr = CFrame.new

return {{tm=0;["BlinkM"]={cf=cfr(0,0,0,1,0,0,0,1,0,0,0,1);es="Linear";ed="In";};["BlinkHalfM_end"]={cf=cfr(0,0,0,1,0,0,0,1,0,0,0,1);es="Linear";ed="In";};["R3rdNb_end"]={cf=cfr(3.984,1.774,3.039,.996,.076,-.04,.073,-.49,.869,.047,-.869,-.493);es="Linear";ed="In";};["EyeYellowM_end"]={cf=cfr(0,0,0,1,0,0,0,1,0,0,0,1);es="Linear";ed="In";};["L3rdNb_end"]={cf=cfr(-7.332,5.698,8.755,-.812,-.277,.514,.124,.779,.615,-.571,.563,-.598);es="Linear";ed="In";};["FitFox00.mo"]={cf=cfr(0,0,0,1,0,0,0,1,0,0,0,1);es="Linear";ed="In";};["TopN"]={cf=cfr(0,0,0,1,0,0,0,1,0,0,0,1);es="Linear";ed="In";};["TransN"]={cf=cfr(0,0,0,1,0,0,0,1,0,0,0,1);es="Linear";ed="In";};["XRotN"]={cf=cfr(.282,0,0,1,0,0,0,1,0,0,0,1);es="Linear";ed="In";};["YRotN"]={cf=cfr(0,0,0,1,0,0,0,1,0,0,0,1);es="Linear";ed="In";};["HipN"]={cf=cfr(1.003,-.142,1.536,.662,-.741,.114,.742,.669,.042,-.107,.057,.993);es="Linear";ed="In";};["LLegJ"]={cf=cfr(0,0,0,.54,.725,-.428,-.158,.586,.795,.827,-.362,.431);es="Linear";ed="In";};["LKneeJ"]={cf=cfr(0,0,0,.704,.071,.707,.08,.981,-.178,-.706,.182,.685);es="Linear";ed="In";};["LFootJ"]={cf=cfr(0,0,0,.955,-.239,.174,.27,.945,-.186,-.12,.225,.967);es="Linear";ed="In";};["LToeN"]={cf=cfr(0,0,0,.999,.021,-.048,-.022,.999,-.022,.048,.024,.999);es="Linear";ed="In";};["RLegJ"]={cf=cfr(0,0,0,.869,.009,-.495,.075,.986,.149,.489,-.167,.856);es="Linear";ed="In";};["RKneeJ"]={cf=cfr(0,0,0,.498,-.108,.861,-.032,.989,.143,-.867,-.099,.489);es="Linear";ed="In";};["RFootJ"]={cf=cfr(0,0,0,.819,.052,-.572,-.284,.902,-.325,.499,.429,.753);es="Linear";ed="In";};["RToeN"]={cf=cfr(0,0,0,1,-.023,-.009,.023,.999,-.03,.01,.03,.999);es="Linear";ed="In";};["WaistN"]={cf=cfr(0,0,0,.987,.012,.161,-.019,.999,.045,-.16,-.047,.986);es="Linear";ed="In";};["BustN"]={cf=cfr(0,0,0,1,-.003,0,.003,1,-.001,0,.001,1);es="Linear";ed="In";};["RShoulderN"]={cf=cfr(0,0,0,.934,-.339,-.113,.345,.938,.039,.093,-.075,.993);es="Linear";ed="In";};["RShoulderJ"]={cf=cfr(0,0,0,.759,.478,.442,-.037,.709,-.704,-.65,.518,.556);es="Linear";ed="In";};["RArmJ"]={cf=cfr(0,0,0,.699,-.716,-.001,.716,.699,.001,.001,-.002,1);es="Linear";ed="In";};["RHandN"]={cf=cfr(0,0,0,.652,-.046,-.757,.152,.986,.071,.743,-.161,.65);es="Linear";ed="In";};["RThumbNa"]={cf=cfr(0,0,0,.946,-.316,.079,.32,.857,-.404,.06,.407,.911);es="Linear";ed="In";};["RThumbNb"]={cf=cfr(0,0,0,.742,.671,0,-.671,.742,0,0,0,1);es="Linear";ed="In";};["R2ndNa"]={cf=cfr(0,0,0,1,0,0,0,1,-.004,0,.004,1);es="Linear";ed="In";};["R2ndNb"]={cf=cfr(0,0,0,1,-.001,0,0,.771,-.637,0,.637,.771);es="Linear";ed="In";};["R1stNa"]={cf=cfr(0,0,0,.94,-.316,-.128,.338,.914,.223,.046,-.253,.966);es="Linear";ed="In";};["R1stNb"]={cf=cfr(0,0,0,1,0,-.001,0,.754,-.656,.001,.656,.754);es="Linear";ed="In";};["R3rdNa"]={cf=cfr(0,0,0,.989,.144,-.023,-.146,.975,-.169,-.002,.17,.985);es="Linear";ed="In";};["R3rdNb"]={cf=cfr(0,0,0,1,0,0,0,.67,-.742,0,.742,.67);es="Linear";ed="In";};["R4thNa"]={cf=cfr(0,0,0,.922,.34,-.188,-.38,.688,-.619,-.081,.642,.763);es="Linear";ed="In";};["R4thNb"]={cf=cfr(0,0,0,1,0,0,0,.446,-.895,0,.895,.446);es="Linear";ed="In";};["RHandNb"]={cf=cfr(.013,0,-.023,.991,-.131,.024,.133,.963,-.236,.008,.237,.972);es="Linear";ed="In";};["RASabN"]={cf=cfr(.127,-.296,0,.729,.308,-.611,-.237,.951,.197,.642,.001,.766);es="Linear";ed="In";};["RSSabN"]={cf=cfr(0,0,0,.771,-.003,-.637,-.003,1,-.007,.637,.007,.771);es="Linear";ed="In";};["NeckN"]={cf=cfr(0,0,0,.837,.544,-.063,-.546,.838,-.017,.043,.048,.998);es="Linear";ed="In";};["HeadN"]={cf=cfr(0,0,0,.99,.137,.017,-.136,.991,-.014,-.019,.012,1);es="Linear";ed="In";};["ScopeN"]={cf=cfr(0,0,0,1,0,0,0,1,0,0,0,1);es="Linear";ed="In";};["MouthN"]={cf=cfr(0,0,0,.998,0,.057,0,1,0,-.057,0,.998);es="Linear";ed="In";};["LShoulderN"]={cf=cfr(0,0,0,.99,-.137,-.032,.137,.991,-.006,.032,.002,.999);es="Linear";ed="In";};["LShoulderJ"]={cf=cfr(0,0,0,.86,.389,-.329,-.506,.577,-.641,-.06,.718,.694);es="Linear";ed="In";};["LArmJ"]={cf=cfr(0,0,0,.656,-.755,.004,.755,.656,-.003,-.001,.005,1);es="Linear";ed="In";};["LHandN"]={cf=cfr(0,0,0,.753,.338,-.565,-.534,.816,-.223,.386,.47,.794);es="Linear";ed="In";};["LThumbNa"]={cf=cfr(0,0,0,.85,-.523,.06,.497,.76,-.419,.174,.386,.906);es="Linear";ed="In";};["LThumbNb"]={cf=cfr(0,0,0,.742,.671,0,-.671,.742,0,0,0,1);es="Linear";ed="In";};["L3rdNa"]={cf=cfr(0,0,0,.989,.145,-.023,-.146,.975,-.169,-.002,.17,.985);es="Linear";ed="In";};["L3rdNb"]={cf=cfr(0,0,0,1,0,0,0,.669,-.743,0,.743,.669);es="Linear";ed="In";};["L2ndNa"]={cf=cfr(0,0,0,1,0,.001,0,1,-.003,-.001,.003,1);es="Linear";ed="In";};["L2ndNb"]={cf=cfr(0,0,0,1,0,0,0,.771,-.637,0,.637,.771);es="Linear";ed="In";};["L1stNa"]={cf=cfr(0,0,0,.94,-.34,-.034,.337,.938,-.084,.06,.067,.996);es="Linear";ed="In";};["L1stNb"]={cf=cfr(0,0,0,1,.001,.001,0,.754,-.657,-.001,.657,.754);es="Linear";ed="In";};["L4thNa"]={cf=cfr(0,0,0,.921,.34,-.188,-.38,.687,-.62,-.081,.643,.762);es="Linear";ed="In";};["L4thNb"]={cf=cfr(0,0,0,1,0,0,0,.446,-.895,0,.895,.446);es="Linear";ed="In";};["LHandNb"]={cf=cfr(-.001,-.022,-.049,1,-.003,.031,-.014,.842,.54,-.027,-.54,.841);es="Linear";ed="In";};["LASabN"]={cf=cfr(-.126,.321,0,.933,.323,.162,-.318,.946,-.057,-.172,.002,.985);es="Linear";ed="In";};["LSSabN"]={cf=cfr(0,0,0,.984,0,.178,0,1,.002,-.178,-.002,.984);es="Linear";ed="In";};["BackN"]={cf=cfr(0,0,0,1,0,0,0,1,0,0,0,1);es="Linear";ed="In";};["ReflectorN"]={cf=cfr(0,0,0,1,0,0,0,1,0,0,0,1);es="Linear";ed="In";};["TailNa"]={cf=cfr(0,0,0,.895,.446,-.03,-.446,.891,-.083,-.01,.088,.996);es="Linear";ed="In";};["TailNb"]={cf=cfr(0,0,0,1,0,0,0,.864,.503,0,-.503,.864);es="Linear";ed="In";};["TailNc"]={cf=cfr(0,0,0,1,0,0,0,.842,.54,0,-.54,.842);es="Linear";ed="In";};["LSSabN_end"]={cf=cfr(2.845,-3.316,.749,-.335,.872,-.357,-.665,.049,.745,.667,.487,.563);es="Linear";ed="In";};["FaceM_end"]={cf=cfr(0,0,0,1,0,0,0,1,0,0,0,1);es="Linear";ed="In";};["BlasterM_end"]={cf=cfr(0,0,0,1,0,0,0,1,0,0,0,1);es="Linear";ed="In";};["L2ndNb_end"]={cf=cfr(-6.777,-6.543,9.682,-.814,-.283,.507,.567,-.194,.801,-.128,.939,.318);es="Linear";ed="In";};["FacePattern"]={cf=cfr(0,0,0,1,0,0,0,1,0,0,0,1);es="Linear";ed="In";};["EyeYellowM"]={cf=cfr(0,0,0,1,0,0,0,1,0,0,0,1);es="Linear";ed="In";};["ReflectorN_end"]={cf=cfr(-.839,-1.982,1.214,-.069,-.378,-.923,-.274,.897,-.347,.959,.229,-.166);es="Linear";ed="In";};["RHaveN"]={cf=cfr(-4.642,1.412,-3.981,.881,.465,.088,-.467,.884,.004,-.076,-.045,.996);es="Linear";ed="In";};["ThrowN_end"]={cf=cfr(0,0,0,1,0,0,0,1,0,0,0,1);es="Linear";ed="In";};["BlasterM"]={cf=cfr(0,0,0,1,0,0,0,1,0,0,0,1);es="Linear";ed="In";};["LThumbNb_end"]={cf=cfr(-.517,-10.80,4.12,-.997,-.066,.03,.068,-.706,.705,-.026,.706,.708);es="Linear";ed="In";};["R4thNb_end"]={cf=cfr(3.995,2.803,1.583,.996,.075,-.045,.088,-.799,.595,.009,-.597,-.802);es="Linear";ed="In";};["BlinkHalfM"]={cf=cfr(0,0,0,1,0,0,0,1,0,0,0,1);es="Linear";ed="In";};["RThumbNb_end"]={cf=cfr(5.341,-2.699,-.498,.922,-.359,.144,.386,.848,-.362,.008,.389,.921);es="Linear";ed="In";};["L4thNb_end"]={cf=cfr(-7.999,9.137,2.179,-.812,-.278,.514,-.283,.957,.071,-.511,-.088,-.855);es="Linear";ed="In";};["OuchM"]={cf=cfr(0,0,0,1,0,0,0,1,0,0,0,1);es="Linear";ed="In";};["LASabN_end"]={cf=cfr(-.146,-7.492,-.49,-.803,.556,.213,-.387,-.759,.524,.454,.338,.824);es="Linear";ed="In";};["BackN_end"]={cf=cfr(-2.269,-1.85,.86,-.294,-.346,-.891,.102,.915,-.389,.95,-.205,-.234);es="Linear";ed="In";};["R2ndNb_end"]={cf=cfr(3.986,-4.485,2.19,.996,.071,-.061,-.047,.941,.336,.081,-.332,.94);es="Linear";ed="In";};["FitFox00.ao"]={cf=cfr(0,0,0,1,0,0,0,1,0,0,0,1);es="Linear";ed="In";};["BlinkM_end"]={cf=cfr(0,0,0,1,0,0,0,1,0,0,0,1);es="Linear";ed="In";};["OuchM_end"]={cf=cfr(0,0,0,1,0,0,0,1,0,0,0,1);es="Linear";ed="In";};["LHandNb_end"]={cf=cfr(.123,-10.24,-2.883,.528,-.192,-.827,-.323,-.946,.013,-.785,.26,-.562);es="Linear";ed="In";};["RToeN_end"]={cf=cfr(-1.69,2.628,.025,-.867,-.499,-.004,.499,-.866,-.017,.005,-.017,1);es="Linear";ed="In";};["RHandNb_end"]={cf=cfr(-.822,-5.091,4.065,.986,-.126,-.108,.107,.98,-.169,.128,.155,.98);es="Linear";ed="In";};["RHaveN_end"]={cf=cfr(0,0,0,1,0,0,0,1,0,0,0,1);es="Linear";ed="In";};["TailNc_end"]={cf=cfr(4.541,3.37,.228,.649,.199,.735,.524,.584,-.62,-.552,.787,.275);es="Linear";ed="In";};["LHaveN_end"]={cf=cfr(0,0,0,1,0,0,0,1,0,0,0,1);es="Linear";ed="In";};["FaceM"]={cf=cfr(0,0,0,1,0,0,0,1,0,0,0,1);es="Linear";ed="In";};["ScopeN_end"]={cf=cfr(-.398,.65,2.535,.954,-.163,-.254,.15,.986,-.07,.261,.028,.965);es="Linear";ed="In";};["L1stNb_end"]={cf=cfr(-6.16,-10.46,5.975,-.816,-.283,.504,.558,-.617,.555,.154,.734,.661);es="Linear";ed="In";};["LHaveN"]={cf=cfr(8.566,-1.711,-6.398,-.826,.304,-.475,.491,.802,-.341,.277,-.514,-.812);es="Linear";ed="In";};["R1stNb_end"]={cf=cfr(3.986,-5.004,1.025,.996,.076,-.042,-.073,.994,.076,.047,-.073,.996);es="Linear";ed="In";};["LToeN_end"]={cf=cfr(3.37,-4.351,.791,-.451,.876,-.17,-.888,-.46,-.018,-.094,.142,.985);es="Linear";ed="In";};["RASabN_end"]={cf=cfr(4.455,-2.203,3.347,.883,-.311,-.352,.328,.945,-.012,.336,-.105,.936);es="Linear";ed="In";};["RootNode"]={cf=cfr(0,0,0,-1,0,0,0,1,0,0,0,-1);es="Linear";ed="In";};["ThrowN"]={cf=cfr(-.282,0,0,1,0,0,0,1,0,0,0,1);es="Linear";ed="In";};["RSSabN_end"]={cf=cfr(1.89,1.136,1.979,.387,-.831,-.399,.921,.368,.127,.041,-.417,.908);es="Linear";ed="In";};["MouthN_end"]={cf=cfr(-.007,.638,-2.134,.939,.151,-.309,-.187,.978,-.09,.288,.142,.947);es="Linear";ed="In";};};{tm=.042;["BlinkM"]={cf=cfr(0,0,0,1,0,0,0,1,0,0,0,1);es="Linear";ed="In";};["BlinkHalfM_end"]={cf=cfr(0,0,0,1,0,0,0,1,0,0,0,1);es="Linear";ed="In";};["R3rdNb_end"]={cf=cfr(3.984,1.774,3.039,.996,.076,-.04,.073,-.49,.869,.047,-.869,-.493);es="Linear";ed="In";};["EyeYellowM_end"]={cf=cfr(0,0,0,1,0,0,0,1,0,0,0,1);es="Linear";ed="In";};["L3rdNb_end"]={cf=cfr(-7.332,5.698,8.755,-.812,-.277,.514,.124,.779,.615,-.571,.563,-.598);es="Linear";ed="In";};["FitFox00.mo"]={cf=cfr(0,0,0,1,0,0,0,1,0,0,0,1);es="Linear";ed="In";};["TopN"]={cf=cfr(0,0,0,1,0,0,0,1,0,0,0,1);es="Linear";ed="In";};["TransN"]={cf=cfr(0,0,0,1,0,0,0,1,0,0,0,1);es="Linear";ed="In";};["XRotN"]={cf=cfr(.282,0,0,1,0,0,0,1,0,0,0,1);es="Linear";ed="In";};["YRotN"]={cf=cfr(0,0,0,1,0,0,0,1,0,0,0,1);es="Linear";ed="In";};["HipN"]={cf=cfr(.827,-.379,2.539,.569,-.814,.116,.817,.575,.028,-.089,.079,.993);es="Linear";ed="In";};["LLegJ"]={cf=cfr(0,0,0,.499,.708,-.5,.029,.563,.826,.866,-.427,.26);es="Linear";ed="In";};["LKneeJ"]={cf=cfr(0,0,0,.113,-.021,.993,.002,1,.021,-.994,-.001,.113);es="Linear";ed="In";};["LFootJ"]={cf=cfr(0,0,0,.976,.003,-.22,-.097,.902,-.421,.197,.432,.88);es="Linear";ed="In";};["LToeN"]={cf=cfr(0,0,0,.999,.021,-.048,-.022,.999,-.022,.048,.024,.999);es="Linear";ed="In";};["RLegJ"]={cf=cfr(0,0,0,.708,-.097,-.699,.186,.981,.052,.681,-.167,.713);es="Linear";ed="In";};["RKneeJ"]={cf=cfr(0,0,0,-.017,-.235,.972,-.046,.971,.234,-.999,-.041,-.027);es="Linear";ed="In";};["RFootJ"]={cf=cfr(0,0,0,.875,-.069,-.479,-.21,.837,-.505,.435,.543,.718);es="Linear";ed="In";};["RToeN"]={cf=cfr(0,0,0,.927,-.048,-.372,.046,.999,-.013,.372,-.005,.928);es="Linear";ed="In";};["WaistN"]={cf=cfr(0,0,0,.963,-.205,.174,.205,.979,.02,-.174,.016,.985);es="Linear";ed="In";};["BustN"]={cf=cfr(0,0,0,.984,-.107,.144,.117,.991,-.061,-.136,.077,.988);es="Linear";ed="In";};["RShoulderN"]={cf=cfr(0,0,0,.934,-.339,-.113,.346,.937,.044,.091,-.08,.993);es="Linear";ed="In";};["RShoulderJ"]={cf=cfr(0,0,0,.804,.59,-.081,-.395,.426,-.814,-.445,.686,.575);es="Linear";ed="In";};["RArmJ"]={cf=cfr(0,0,0,-.014,-1,-.001,1,-.014,-.001,.001,-.001,1);es="Linear";ed="In";};["RHandN"]={cf=cfr(0,0,0,.947,-.206,-.245,.245,.959,.142,.206,-.195,.959);es="Linear";ed="In";};["RThumbNa"]={cf=cfr(0,0,0,.946,-.316,.079,.32,.857,-.404,.06,.407,.911);es="Linear";ed="In";};["RThumbNb"]={cf=cfr(0,0,0,.742,.671,0,-.671,.742,0,0,0,1);es="Linear";ed="In";};["R2ndNa"]={cf=cfr(0,0,0,1,0,-.003,0,1,-.004,.003,.004,1);es="Linear";ed="In";};["R2ndNb"]={cf=cfr(0,0,0,1,-.001,0,0,.771,-.637,0,.637,.771);es="Linear";ed="In";};["R1stNa"]={cf=cfr(0,0,0,.94,-.316,-.128,.338,.914,.223,.046,-.253,.966);es="Linear";ed="In";};["R1stNb"]={cf=cfr(0,0,0,1,0,-.001,0,.754,-.656,.001,.656,.754);es="Linear";ed="In";};["R3rdNa"]={cf=cfr(0,0,0,.989,.144,-.023,-.146,.975,-.169,-.002,.17,.985);es="Linear";ed="In";};["R3rdNb"]={cf=cfr(0,0,0,1,0,0,0,.67,-.742,0,.742,.67);es="Linear";ed="In";};["R4thNa"]={cf=cfr(0,0,0,.922,.34,-.188,-.38,.688,-.619,-.081,.642,.763);es="Linear";ed="In";};["R4thNb"]={cf=cfr(0,0,0,1,0,0,0,.446,-.895,0,.895,.446);es="Linear";ed="In";};["RHandNb"]={cf=cfr(.013,0,-.023,.993,-.11,.048,.12,.953,-.278,-.015,.282,.959);es="Linear";ed="In";};["RASabN"]={cf=cfr(.127,-.296,0,.819,.525,-.231,-.507,.851,.136,.268,.006,.963);es="Linear";ed="In";};["RSSabN"]={cf=cfr(0,0,0,.968,-.003,-.251,.002,1,-.004,.251,.004,.968);es="Linear";ed="In";};["NeckN"]={cf=cfr(0,0,0,.815,.567,-.122,-.577,.813,-.08,.054,.135,.989);es="Linear";ed="In";};["HeadN"]={cf=cfr(0,0,0,.927,.376,-.015,-.376,.926,-.04,-.001,.042,.999);es="Linear";ed="In";};["ScopeN"]={cf=cfr(0,0,0,1,0,0,0,1,0,0,0,1);es="Linear";ed="In";};["MouthN"]={cf=cfr(0,0,0,.998,0,.062,0,1,0,-.062,0,.998);es="Linear";ed="In";};["LShoulderN"]={cf=cfr(0,0,0,.99,-.137,-.034,.137,.991,-.004,.034,0,.999);es="Linear";ed="In";};["LShoulderJ"]={cf=cfr(0,0,0,.619,.178,-.765,-.513,.829,-.222,.595,.53,.605);es="Linear";ed="In";};["LArmJ"]={cf=cfr(0,0,0,.97,-.243,-.026,.244,.968,.064,.01,-.068,.998);es="Linear";ed="In";};["LHandN"]={cf=cfr(0,0,0,.994,.092,-.051,-.097,.99,-.101,.041,.105,.994);es="Linear";ed="In";};["LThumbNa"]={cf=cfr(0,0,0,.904,-.422,.068,.411,.815,-.409,.117,.398,.91);es="Linear";ed="In";};["LThumbNb"]={cf=cfr(0,0,0,.742,.671,0,-.671,.742,0,0,0,1);es="Linear";ed="In";};["L3rdNa"]={cf=cfr(0,0,0,.99,.129,-.06,-.142,.897,-.418,0,.422,.906);es="Linear";ed="In";};["L3rdNb"]={cf=cfr(0,0,0,1,0,0,0,.215,-.977,0,.977,.215);es="Linear";ed="In";};["L2ndNa"]={cf=cfr(0,0,0,1,0,-.005,0,.998,.062,.005,-.062,.998);es="Linear";ed="In";};["L2ndNb"]={cf=cfr(0,0,0,1,0,0,0,.574,-.819,0,.819,.574);es="Linear";ed="In";};["L1stNa"]={cf=cfr(0,0,0,.941,-.328,-.08,.333,.94,.071,.052,-.094,.994);es="Linear";ed="In";};["L1stNb"]={cf=cfr(0,0,0,1,.001,.001,0,.754,-.657,-.001,.657,.754);es="Linear";ed="In";};["L4thNa"]={cf=cfr(0,0,0,.925,.282,-.255,-.371,.53,-.762,-.079,.8,.595);es="Linear";ed="In";};["L4thNb"]={cf=cfr(0,0,0,1,0,0,0,.352,-.936,0,.936,.352);es="Linear";ed="In";};["LHandNb"]={cf=cfr(-.001,-.022,-.049,.998,.057,-.039,-.052,.991,.125,.046,-.123,.991);es="Linear";ed="In";};["LASabN"]={cf=cfr(-.126,.321,0,.651,.094,.753,-.039,.995,-.09,-.758,.03,.651);es="Linear";ed="In";};["LSSabN"]={cf=cfr(0,0,0,.667,-.005,.745,-.003,1,.01,-.745,-.008,.667);es="Linear";ed="In";};["BackN"]={cf=cfr(0,0,0,1,0,0,0,1,0,0,0,1);es="Linear";ed="In";};["ReflectorN"]={cf=cfr(0,0,0,1,0,0,0,1,0,0,0,1);es="Linear";ed="In";};["TailNa"]={cf=cfr(0,0,0,.867,.491,.084,-.498,.857,.133,-.007,-.157,.988);es="Linear";ed="In";};["TailNb"]={cf=cfr(0,0,0,1,0,0,0,.738,.675,0,-.675,.738);es="Linear";ed="In";};["TailNc"]={cf=cfr(0,0,0,1,0,0,0,.988,-.157,0,.157,.988);es="Linear";ed="In";};["LSSabN_end"]={cf=cfr(2.845,-3.316,.749,-.335,.872,-.357,-.665,.049,.745,.667,.487,.563);es="Linear";ed="In";};["FaceM_end"]={cf=cfr(0,0,0,1,0,0,0,1,0,0,0,1);es="Linear";ed="In";};["BlasterM_end"]={cf=cfr(0,0,0,1,0,0,0,1,0,0,0,1);es="Linear";ed="In";};["L2ndNb_end"]={cf=cfr(-6.777,-6.543,9.682,-.814,-.283,.507,.567,-.194,.801,-.128,.939,.318);es="Linear";ed="In";};["FacePattern"]={cf=cfr(0,0,0,1,0,0,0,1,0,0,0,1);es="Linear";ed="In";};["EyeYellowM"]={cf=cfr(0,0,0,1,0,0,0,1,0,0,0,1);es="Linear";ed="In";};["ReflectorN_end"]={cf=cfr(-.839,-1.982,1.214,-.069,-.378,-.923,-.274,.897,-.347,.959,.229,-.166);es="Linear";ed="In";};["RHaveN"]={cf=cfr(-4.642,1.412,-3.981,.881,.465,.088,-.467,.884,.004,-.076,-.045,.996);es="Linear";ed="In";};["ThrowN_end"]={cf=cfr(0,0,0,1,0,0,0,1,0,0,0,1);es="Linear";ed="In";};["BlasterM"]={cf=cfr(0,0,0,1,0,0,0,1,0,0,0,1);es="Linear";ed="In";};["LThumbNb_end"]={cf=cfr(-.517,-10.80,4.12,-.997,-.066,.03,.068,-.706,.705,-.026,.706,.708);es="Linear";ed="In";};["R4thNb_end"]={cf=cfr(3.995,2.803,1.583,.996,.075,-.045,.088,-.799,.595,.009,-.597,-.802);es="Linear";ed="In";};["BlinkHalfM"]={cf=cfr(0,0,0,1,0,0,0,1,0,0,0,1);es="Linear";ed="In";};["RThumbNb_end"]={cf=cfr(5.341,-2.699,-.498,.922,-.359,.144,.386,.848,-.362,.008,.389,.921);es="Linear";ed="In";};["L4thNb_end"]={cf=cfr(-7.999,9.137,2.179,-.812,-.278,.514,-.283,.957,.071,-.511,-.088,-.855);es="Linear";ed="In";};["OuchM"]={cf=cfr(0,0,0,1,0,0,0,1,0,0,0,1);es="Linear";ed="In";};["LASabN_end"]={cf=cfr(-.146,-7.492,-.49,-.803,.556,.213,-.387,-.759,.524,.454,.338,.824);es="Linear";ed="In";};["BackN_end"]={cf=cfr(-2.269,-1.85,.86,-.294,-.346,-.891,.102,.915,-.389,.95,-.205,-.234);es="Linear";ed="In";};["R2ndNb_end"]={cf=cfr(3.986,-4.485,2.19,.996,.071,-.061,-.047,.941,.336,.081,-.332,.94);es="Linear";ed="In";};["FitFox00.ao"]={cf=cfr(0,0,0,1,0,0,0,1,0,0,0,1);es="Linear";ed="In";};["BlinkM_end"]={cf=cfr(0,0,0,1,0,0,0,1,0,0,0,1);es="Linear";ed="In";};["OuchM_end"]={cf=cfr(0,0,0,1,0,0,0,1,0,0,0,1);es="Linear";ed="In";};["LHandNb_end"]={cf=cfr(.123,-10.24,-2.883,.528,-.192,-.827,-.323,-.946,.013,-.785,.26,-.562);es="Linear";ed="In";};["RToeN_end"]={cf=cfr(-1.69,2.628,.025,-.867,-.499,-.004,.499,-.866,-.017,.005,-.017,1);es="Linear";ed="In";};["RHandNb_end"]={cf=cfr(-.822,-5.091,4.065,.986,-.126,-.108,.107,.98,-.169,.128,.155,.98);es="Linear";ed="In";};["RHaveN_end"]={cf=cfr(0,0,0,1,0,0,0,1,0,0,0,1);es="Linear";ed="In";};["TailNc_end"]={cf=cfr(4.541,3.37,.228,.649,.199,.735,.524,.584,-.62,-.552,.787,.275);es="Linear";ed="In";};["LHaveN_end"]={cf=cfr(0,0,0,1,0,0,0,1,0,0,0,1);es="Linear";ed="In";};["FaceM"]={cf=cfr(0,0,0,1,0,0,0,1,0,0,0,1);es="Linear";ed="In";};["ScopeN_end"]={cf=cfr(-.398,.65,2.535,.954,-.163,-.254,.15,.986,-.07,.261,.028,.965);es="Linear";ed="In";};["L1stNb_end"]={cf=cfr(-6.16,-10.46,5.975,-.816,-.283,.504,.558,-.617,.555,.154,.734,.661);es="Linear";ed="In";};["LHaveN"]={cf=cfr(8.566,-1.711,-6.398,-.826,.304,-.475,.491,.802,-.341,.277,-.514,-.812);es="Linear";ed="In";};["R1stNb_end"]={cf=cfr(3.986,-5.004,1.025,.996,.076,-.042,-.073,.994,.076,.047,-.073,.996);es="Linear";ed="In";};["LToeN_end"]={cf=cfr(3.37,-4.351,.791,-.451,.876,-.17,-.888,-.46,-.018,-.094,.142,.985);es="Linear";ed="In";};["RASabN_end"]={cf=cfr(4.455,-2.203,3.347,.883,-.311,-.352,.328,.945,-.012,.336,-.105,.936);es="Linear";ed="In";};["RootNode"]={cf=cfr(0,0,0,-1,0,0,0,1,0,0,0,-1);es="Linear";ed="In";};["ThrowN"]={cf=cfr(-.282,0,0,1,0,0,0,1,0,0,0,1);es="Linear";ed="In";};["RSSabN_end"]={cf=cfr(1.89,1.136,1.979,.387,-.831,-.399,.921,.368,.127,.041,-.417,.908);es="Linear";ed="In";};["MouthN_end"]={cf=cfr(-.007,.638,-2.134,.939,.151,-.309,-.187,.978,-.09,.288,.142,.947);es="Linear";ed="In";};};{tm=.083;["BlinkM"]={cf=cfr(0,0,0,1,0,0,0,1,0,0,0,1);es="Linear";ed="In";};["BlinkHalfM_end"]={cf=cfr(0,0,0,1,0,0,0,1,0,0,0,1);es="Linear";ed="In";};["R3rdNb_end"]={cf=cfr(3.984,1.774,3.039,.996,.076,-.04,.073,-.49,.869,.047,-.869,-.493);es="Linear";ed="In";};["EyeYellowM_end"]={cf=cfr(0,0,0,1,0,0,0,1,0,0,0,1);es="Linear";ed="In";};["L3rdNb_end"]={cf=cfr(-7.332,5.698,8.755,-.812,-.277,.514,.124,.779,.615,-.571,.563,-.598);es="Linear";ed="In";};["FitFox00.mo"]={cf=cfr(0,0,0,1,0,0,0,1,0,0,0,1);es="Linear";ed="In";};["TopN"]={cf=cfr(0,0,0,1,0,0,0,1,0,0,0,1);es="Linear";ed="In";};["TransN"]={cf=cfr(0,0,0,1,0,0,0,1,0,0,0,1);es="Linear";ed="In";};["XRotN"]={cf=cfr(.282,0,0,1,0,0,0,1,0,0,0,1);es="Linear";ed="In";};["YRotN"]={cf=cfr(0,0,0,1,0,0,0,1,0,0,0,1);es="Linear";ed="In";};["HipN"]={cf=cfr(.65,-.616,3.542,.469,-.875,.121,.88,.474,.014,-.069,.1,.993);es="Linear";ed="In";};["LLegJ"]={cf=cfr(0,0,0,.489,.769,-.411,.141,.395,.908,.861,-.502,.085);es="Linear";ed="In";};["LKneeJ"]={cf=cfr(0,0,0,-.176,-.162,.971,.008,.986,.166,-.984,.037,-.172);es="Linear";ed="In";};["LFootJ"]={cf=cfr(0,0,0,.945,-.124,-.303,-.088,.796,-.599,.316,.593,.741);es="Linear";ed="In";};["LToeN"]={cf=cfr(0,0,0,.999,.021,-.048,-.022,.999,-.022,.048,.024,.999);es="Linear";ed="In";};["RLegJ"]={cf=cfr(0,0,0,.522,-.11,-.846,.278,.959,.047,.806,-.26,.531);es="Linear";ed="In";};["RKneeJ"]={cf=cfr(0,0,0,-.423,-.25,.871,-.03,.965,.262,-.905,.085,-.416);es="Linear";ed="In";};["RFootJ"]={cf=cfr(0,0,0,.93,-.254,-.266,.047,.799,-.6,.365,.546,.754);es="Linear";ed="In";};["RToeN"]={cf=cfr(0,0,0,.728,-.051,-.684,.071,.997,.002,.682,-.05,.73);es="Linear";ed="In";};["WaistN"]={cf=cfr(0,0,0,.894,-.409,.181,.417,.909,-.005,-.162,.08,.984);es="Linear";ed="In";};["BustN"]={cf=cfr(0,0,0,.941,-.185,.282,.227,.966,-.121,-.25,.178,.952);es="Linear";ed="In";};["RShoulderN"]={cf=cfr(0,0,0,.934,-.339,-.113,.342,.939,.009,.103,-.047,.994);es="Linear";ed="In";};["RShoulderJ"]={cf=cfr(0,0,0,.988,.152,-.009,-.099,.597,-.796,-.116,.787,.606);es="Linear";ed="In";};["RArmJ"]={cf=cfr(0,0,0,.3,-.954,-.002,.954,.3,0,.001,-.002,1);es="Linear";ed="In";};["RHandN"]={cf=cfr(0,0,0,.844,-.285,-.454,.331,.943,.023,.421,-.17,.891);es="Linear";ed="In";};["RThumbNa"]={cf=cfr(0,0,0,.946,-.316,.079,.32,.857,-.404,.06,.407,.911);es="Linear";ed="In";};["RThumbNb"]={cf=cfr(0,0,0,.742,.671,0,-.671,.742,0,0,0,1);es="Linear";ed="In";};["R2ndNa"]={cf=cfr(0,0,0,1,.001,0,-.001,1,-.004,0,.004,1);es="Linear";ed="In";};["R2ndNb"]={cf=cfr(0,0,0,1,-.001,0,0,.771,-.637,0,.637,.771);es="Linear";ed="In";};["R1stNa"]={cf=cfr(0,0,0,.94,-.316,-.128,.338,.914,.223,.046,-.253,.966);es="Linear";ed="In";};["R1stNb"]={cf=cfr(0,0,0,1,0,-.001,0,.754,-.656,.001,.656,.754);es="Linear";ed="In";};["R3rdNa"]={cf=cfr(0,0,0,.989,.144,-.021,-.146,.975,-.169,-.004,.17,.985);es="Linear";ed="In";};["R3rdNb"]={cf=cfr(0,0,0,1,0,0,0,.67,-.742,0,.742,.67);es="Linear";ed="In";};["R4thNa"]={cf=cfr(0,0,0,.922,.34,-.188,-.38,.688,-.619,-.081,.642,.763);es="Linear";ed="In";};["R4thNb"]={cf=cfr(0,0,0,1,0,0,0,.446,-.895,0,.895,.446);es="Linear";ed="In";};["RHandNb"]={cf=cfr(.013,0,-.023,1,-.014,-.017,.007,.935,-.355,.021,.354,.935);es="Linear";ed="In";};["RASabN"]={cf=cfr(.127,-.296,0,.889,.453,-.063,-.453,.891,.028,.069,.004,.998);es="Linear";ed="In";};["RSSabN"]={cf=cfr(0,0,0,.998,-.003,-.059,.003,1,-.001,.059,.001,.998);es="Linear";ed="In";};["NeckN"]={cf=cfr(0,0,0,.794,.579,-.183,-.604,.784,-.139,.062,.221,.973);es="Linear";ed="In";};["HeadN"]={cf=cfr(0,0,0,.808,.588,-.047,-.59,.805,-.065,0,.08,.997);es="Linear";ed="In";};["ScopeN"]={cf=cfr(0,0,0,1,0,0,0,1,0,0,0,1);es="Linear";ed="In";};["MouthN"]={cf=cfr(0,0,0,.998,0,.068,0,1,0,-.068,0,.998);es="Linear";ed="In";};["LShoulderN"]={cf=cfr(0,0,0,.99,-.137,-.031,.137,.991,.003,.03,-.007,1);es="Linear";ed="In";};["LShoulderJ"]={cf=cfr(0,0,0,.192,.302,-.934,-.456,.87,.187,.869,.39,.305);es="Linear";ed="In";};["LArmJ"]={cf=cfr(0,0,0,.065,-.998,-.001,.998,.065,0,0,-.001,1);es="Linear";ed="In";};["LHandN"]={cf=cfr(0,0,0,.978,.028,-.208,-.038,.998,-.041,.207,.048,.977);es="Linear";ed="In";};["LThumbNa"]={cf=cfr(0,0,0,.945,-.317,.079,.321,.857,-.404,.061,.407,.911);es="Linear";ed="In";};["LThumbNb"]={cf=cfr(0,0,0,.742,.671,0,-.671,.742,0,0,0,1);es="Linear";ed="In";};["L3rdNa"]={cf=cfr(0,0,0,.989,.112,-.097,-.148,.755,-.638,.002,.645,.764);es="Linear";ed="In";};["L3rdNb"]={cf=cfr(0,0,0,1,0,0,0,-.296,-.955,0,.955,-.296);es="Linear";ed="In";};["L2ndNa"]={cf=cfr(0,0,0,1,.001,-.005,-.001,.992,.127,.005,-.127,.992);es="Linear";ed="In";};["L2ndNb"]={cf=cfr(0,0,0,1,0,0,0,.331,-.944,0,.944,.331);es="Linear";ed="In";};["L1stNa"]={cf=cfr(0,0,0,.94,-.317,-.128,.338,.914,.224,.046,-.253,.966);es="Linear";ed="In";};["L1stNb"]={cf=cfr(0,0,0,1,.001,.001,0,.754,-.657,-.001,.657,.754);es="Linear";ed="In";};["L4thNa"]={cf=cfr(0,0,0,.921,.22,-.32,-.38,.337,-.861,-.081,.916,.394);es="Linear";ed="In";};["L4thNb"]={cf=cfr(0,0,0,1,0,0,0,.255,-.967,0,.967,.255);es="Linear";ed="In";};["LHandNb"]={cf=cfr(-.001,-.022,-.049,1,-.003,.002,.003,.999,.042,-.002,-.042,.999);es="Linear";ed="In";};["LASabN"]={cf=cfr(-.126,.321,0,.227,.505,.833,-.123,.863,-.49,-.966,.009,.258);es="Linear";ed="In";};["LSSabN"]={cf=cfr(0,0,0,.269,-.008,.963,-.008,1,.011,-.963,-.011,.269);es="Linear";ed="In";};["BackN"]={cf=cfr(0,0,0,1,0,0,0,1,0,0,0,1);es="Linear";ed="In";};["ReflectorN"]={cf=cfr(0,0,0,1,0,0,0,1,0,0,0,1);es="Linear";ed="In";};["TailNa"]={cf=cfr(0,0,0,.895,.405,.187,-.446,.822,.355,-.01,-.401,.916);es="Linear";ed="In";};["TailNb"]={cf=cfr(0,0,0,1,0,0,0,.578,.816,0,-.816,.578);es="Linear";ed="In";};["TailNc"]={cf=cfr(0,0,0,1,0,0,0,.649,.761,0,-.761,.649);es="Linear";ed="In";};["LSSabN_end"]={cf=cfr(2.845,-3.316,.749,-.335,.872,-.357,-.665,.049,.745,.667,.487,.563);es="Linear";ed="In";};["FaceM_end"]={cf=cfr(0,0,0,1,0,0,0,1,0,0,0,1);es="Linear";ed="In";};["BlasterM_end"]={cf=cfr(0,0,0,1,0,0,0,1,0,0,0,1);es="Linear";ed="In";};["L2ndNb_end"]={cf=cfr(-6.777,-6.543,9.682,-.814,-.283,.507,.567,-.194,.801,-.128,.939,.318);es="Linear";ed="In";};["FacePattern"]={cf=cfr(0,0,0,1,0,0,0,1,0,0,0,1);es="Linear";ed="In";};["EyeYellowM"]={cf=cfr(0,0,0,1,0,0,0,1,0,0,0,1);es="Linear";ed="In";};["ReflectorN_end"]={cf=cfr(-.839,-1.982,1.214,-.069,-.378,-.923,-.274,.897,-.347,.959,.229,-.166);es="Linear";ed="In";};["RHaveN"]={cf=cfr(-4.642,1.412,-3.981,.881,.465,.088,-.467,.884,.004,-.076,-.045,.996);es="Linear";ed="In";};["ThrowN_end"]={cf=cfr(0,0,0,1,0,0,0,1,0,0,0,1);es="Linear";ed="In";};["BlasterM"]={cf=cfr(0,0,0,1,0,0,0,1,0,0,0,1);es="Linear";ed="In";};["LThumbNb_end"]={cf=cfr(-.517,-10.80,4.12,-.997,-.066,.03,.068,-.706,.705,-.026,.706,.708);es="Linear";ed="In";};["R4thNb_end"]={cf=cfr(3.995,2.803,1.583,.996,.075,-.045,.088,-.799,.595,.009,-.597,-.802);es="Linear";ed="In";};["BlinkHalfM"]={cf=cfr(0,0,0,1,0,0,0,1,0,0,0,1);es="Linear";ed="In";};["RThumbNb_end"]={cf=cfr(5.341,-2.699,-.498,.922,-.359,.144,.386,.848,-.362,.008,.389,.921);es="Linear";ed="In";};["L4thNb_end"]={cf=cfr(-7.999,9.137,2.179,-.812,-.278,.514,-.283,.957,.071,-.511,-.088,-.855);es="Linear";ed="In";};["OuchM"]={cf=cfr(0,0,0,1,0,0,0,1,0,0,0,1);es="Linear";ed="In";};["LASabN_end"]={cf=cfr(-.146,-7.492,-.49,-.803,.556,.213,-.387,-.759,.524,.454,.338,.824);es="Linear";ed="In";};["BackN_end"]={cf=cfr(-2.269,-1.85,.86,-.294,-.346,-.891,.102,.915,-.389,.95,-.205,-.234);es="Linear";ed="In";};["R2ndNb_end"]={cf=cfr(3.986,-4.485,2.19,.996,.071,-.061,-.047,.941,.336,.081,-.332,.94);es="Linear";ed="In";};["FitFox00.ao"]={cf=cfr(0,0,0,1,0,0,0,1,0,0,0,1);es="Linear";ed="In";};["BlinkM_end"]={cf=cfr(0,0,0,1,0,0,0,1,0,0,0,1);es="Linear";ed="In";};["OuchM_end"]={cf=cfr(0,0,0,1,0,0,0,1,0,0,0,1);es="Linear";ed="In";};["LHandNb_end"]={cf=cfr(.123,-10.24,-2.883,.528,-.192,-.827,-.323,-.946,.013,-.785,.26,-.562);es="Linear";ed="In";};["RToeN_end"]={cf=cfr(-1.69,2.628,.025,-.867,-.499,-.004,.499,-.866,-.017,.005,-.017,1);es="Linear";ed="In";};["RHandNb_end"]={cf=cfr(-.822,-5.091,4.065,.986,-.126,-.108,.107,.98,-.169,.128,.155,.98);es="Linear";ed="In";};["RHaveN_end"]={cf=cfr(0,0,0,1,0,0,0,1,0,0,0,1);es="Linear";ed="In";};["TailNc_end"]={cf=cfr(4.541,3.37,.228,.649,.199,.735,.524,.584,-.62,-.552,.787,.275);es="Linear";ed="In";};["LHaveN_end"]={cf=cfr(0,0,0,1,0,0,0,1,0,0,0,1);es="Linear";ed="In";};["FaceM"]={cf=cfr(0,0,0,1,0,0,0,1,0,0,0,1);es="Linear";ed="In";};["ScopeN_end"]={cf=cfr(-.398,.65,2.535,.954,-.163,-.254,.15,.986,-.07,.261,.028,.965);es="Linear";ed="In";};["L1stNb_end"]={cf=cfr(-6.16,-10.46,5.975,-.816,-.283,.504,.558,-.617,.555,.154,.734,.661);es="Linear";ed="In";};["LHaveN"]={cf=cfr(8.566,-1.711,-6.398,-.826,.304,-.475,.491,.802,-.341,.277,-.514,-.812);es="Linear";ed="In";};["R1stNb_end"]={cf=cfr(3.986,-5.004,1.025,.996,.076,-.042,-.073,.994,.076,.047,-.073,.996);es="Linear";ed="In";};["LToeN_end"]={cf=cfr(3.37,-4.351,.791,-.451,.876,-.17,-.888,-.46,-.018,-.094,.142,.985);es="Linear";ed="In";};["RASabN_end"]={cf=cfr(4.455,-2.203,3.347,.883,-.311,-.352,.328,.945,-.012,.336,-.105,.936);es="Linear";ed="In";};["RootNode"]={cf=cfr(0,0,0,-1,0,0,0,1,0,0,0,-1);es="Linear";ed="In";};["ThrowN"]={cf=cfr(-.282,0,0,1,0,0,0,1,0,0,0,1);es="Linear";ed="In";};["RSSabN_end"]={cf=cfr(1.89,1.136,1.979,.387,-.831,-.399,.921,.368,.127,.041,-.417,.908);es="Linear";ed="In";};["MouthN_end"]={cf=cfr(-.007,.638,-2.134,.939,.151,-.309,-.187,.978,-.09,.288,.142,.947);es="Linear";ed="In";};};{tm=.125;["BlinkM"]={cf=cfr(0,0,0,1,0,0,0,1,0,0,0,1);es="Linear";ed="In";};["BlinkHalfM_end"]={cf=cfr(0,0,0,1,0,0,0,1,0,0,0,1);es="Linear";ed="In";};["R3rdNb_end"]={cf=cfr(3.984,1.774,3.039,.996,.076,-.04,.073,-.49,.869,.047,-.869,-.493);es="Linear";ed="In";};["EyeYellowM_end"]={cf=cfr(0,0,0,1,0,0,0,1,0,0,0,1);es="Linear";ed="In";};["L3rdNb_end"]={cf=cfr(-7.332,5.698,8.755,-.812,-.277,.514,.124,.779,.615,-.571,.563,-.598);es="Linear";ed="In";};["FitFox00.mo"]={cf=cfr(0,0,0,1,0,0,0,1,0,0,0,1);es="Linear";ed="In";};["TopN"]={cf=cfr(0,0,0,1,0,0,0,1,0,0,0,1);es="Linear";ed="In";};["TransN"]={cf=cfr(0,0,0,1,0,0,0,1,0,0,0,1);es="Linear";ed="In";};["XRotN"]={cf=cfr(.282,0,0,1,0,0,0,1,0,0,0,1);es="Linear";ed="In";};["YRotN"]={cf=cfr(0,0,0,1,0,0,0,1,0,0,0,1);es="Linear";ed="In";};["HipN"]={cf=cfr(.473,-.637,2.175,.626,-.769,.132,.775,.632,.006,-.088,.098,.991);es="Linear";ed="In";};["LLegJ"]={cf=cfr(0,0,0,.58,.691,-.431,-.055,.562,.826,.813,-.455,.364);es="Linear";ed="In";};["LKneeJ"]={cf=cfr(0,0,0,.235,.016,.972,.022,1,-.022,-.972,.027,.235);es="Linear";ed="In";};["LFootJ"]={cf=cfr(0,0,0,.968,-.037,-.248,-.065,.919,-.39,.242,.394,.887);es="Linear";ed="In";};["LToeN"]={cf=cfr(0,0,0,.999,.021,-.048,-.022,.999,-.022,.048,.024,.999);es="Linear";ed="In";};["RLegJ"]={cf=cfr(0,0,0,.794,-.096,-.6,.175,.982,.075,.581,-.165,.797);es="Linear";ed="In";};["RKneeJ"]={cf=cfr(0,0,0,.082,-.225,.971,.017,.974,.225,-.997,-.002,.083);es="Linear";ed="In";};["RFootJ"]={cf=cfr(0,0,0,.984,.013,-.176,-.118,.79,-.602,.131,.613,.779);es="Linear";ed="In";};["RToeN"]={cf=cfr(0,0,0,.728,-.048,-.684,.069,.998,.004,.682,-.05,.73);es="Linear";ed="In";};["WaistN"]={cf=cfr(0,0,0,.985,.089,.145,-.089,.996,-.003,-.145,-.01,.989);es="Linear";ed="In";};["BustN"]={cf=cfr(0,0,0,.974,.123,.189,-.093,.982,-.162,-.205,.14,.969);es="Linear";ed="In";};["RShoulderN"]={cf=cfr(0,0,0,.983,-.176,-.049,.178,.983,.037,.042,-.045,.998);es="Linear";ed="In";};["RShoulderJ"]={cf=cfr(0,0,0,.935,.29,-.206,-.346,.609,-.714,-.082,.739,.669);es="Linear";ed="In";};["RArmJ"]={cf=cfr(0,0,0,.594,-.798,.097,.804,.592,-.052,-.016,.109,.994);es="Linear";ed="In";};["RHandN"]={cf=cfr(0,0,0,.922,-.382,-.066,.378,.923,-.063,.085,.033,.996);es="Linear";ed="In";};["RThumbNa"]={cf=cfr(0,0,0,.981,-.125,.148,.182,.855,-.486,-.066,.504,.861);es="Linear";ed="In";};["RThumbNb"]={cf=cfr(0,0,0,.518,.855,0,-.855,.518,0,0,0,1);es="Linear";ed="In";};["R2ndNa"]={cf=cfr(0,0,0,1,.006,.017,.002,.912,-.411,-.018,.411,.912);es="Linear";ed="In";};["R2ndNb"]={cf=cfr(0,0,0,1,-.001,0,0,.339,-.941,.001,.941,.339);es="Linear";ed="In";};["R1stNa"]={cf=cfr(0,0,0,.984,-.159,-.084,.128,.947,-.295,.126,.279,.952);es="Linear";ed="In";};["R1stNb"]={cf=cfr(0,0,0,1,0,0,0,.327,-.945,0,.945,.327);es="Linear";ed="In";};["R3rdNa"]={cf=cfr(0,0,0,.997,.072,-.015,-.07,.871,-.486,-.022,.486,.874);es="Linear";ed="In";};["R3rdNb"]={cf=cfr(0,0,0,1,0,0,0,.27,-.963,0,.963,.27);es="Linear";ed="In";};["R4thNa"]={cf=cfr(0,0,0,.98,.173,-.099,-.192,.687,-.701,-.053,.706,.706);es="Linear";ed="In";};["R4thNb"]={cf=cfr(0,0,0,1,0,0,0,.137,-.991,0,.991,.137);es="Linear";ed="In";};["RHandNb"]={cf=cfr(.013,0,-.023,.989,.129,-.068,-.145,.925,-.35,.017,.357,.934);es="Linear";ed="In";};["RASabN"]={cf=cfr(.127,-.296,0,.937,.35,.004,-.35,.937,.011,0,-.012,1);es="Linear";ed="In";};["RSSabN"]={cf=cfr(0,0,0,.996,-.003,.084,.002,1,.002,-.084,-.002,.996);es="Linear";ed="In";};["NeckN"]={cf=cfr(0,0,0,.926,.174,-.335,-.191,.981,-.017,.325,.08,.942);es="Linear";ed="In";};["HeadN"]={cf=cfr(0,0,0,.904,.417,.091,-.426,.897,.119,-.032,-.147,.989);es="Linear";ed="In";};["ScopeN"]={cf=cfr(0,0,0,1,0,0,0,1,0,0,0,1);es="Linear";ed="In";};["MouthN"]={cf=cfr(0,0,0,.997,0,.074,0,1,0,-.074,0,.997);es="Linear";ed="In";};["LShoulderN"]={cf=cfr(0,0,0,.997,-.071,-.011,.072,.997,.031,.009,-.031,.999);es="Linear";ed="In";};["LShoulderJ"]={cf=cfr(0,0,0,.936,-.053,-.349,-.102,.906,-.411,.338,.42,.842);es="Linear";ed="In";};["LArmJ"]={cf=cfr(0,0,0,.222,-.975,-.006,.975,.222,0,.001,-.006,1);es="Linear";ed="In";};["LHandN"]={cf=cfr(0,0,0,.728,-.675,-.122,.651,.736,-.186,.215,.056,.975);es="Linear";ed="In";};["LThumbNa"]={cf=cfr(0,0,0,.981,-.124,.148,.182,.855,-.486,-.066,.504,.861);es="Linear";ed="In";};["LThumbNb"]={cf=cfr(0,0,0,.518,.855,0,-.855,.518,0,0,0,1);es="Linear";ed="In";};["L3rdNa"]={cf=cfr(0,0,0,.997,.055,-.052,-.076,.713,-.697,-.001,.699,.715);es="Linear";ed="In";};["L3rdNb"]={cf=cfr(0,0,0,1,0,0,0,-.245,-.97,0,.97,-.245);es="Linear";ed="In";};["L2ndNa"]={cf=cfr(0,0,0,1,.005,.018,.001,.937,-.351,-.019,.35,.936);es="Linear";ed="In";};["L2ndNb"]={cf=cfr(0,0,0,1,0,0,0,.072,-.997,0,.997,.072);es="Linear";ed="In";};["L1stNa"]={cf=cfr(0,0,0,.984,-.158,-.084,.127,.947,-.295,.126,.279,.952);es="Linear";ed="In";};["L1stNb"]={cf=cfr(0,0,0,1,.001,.001,.001,.327,-.945,-.001,.945,.327);es="Linear";ed="In";};["L4thNa"]={cf=cfr(0,0,0,.98,.111,-.166,-.199,.511,-.836,-.008,.853,.523);es="Linear";ed="In";};["L4thNb"]={cf=cfr(0,0,0,1,0,0,0,.035,-.999,0,.999,.035);es="Linear";ed="In";};["LHandNb"]={cf=cfr(-.001,-.022,-.049,.937,.275,-.214,-.348,.749,-.564,.005,.603,.798);es="Linear";ed="In";};["LASabN"]={cf=cfr(-.126,.321,0,.824,.469,.318,-.436,.883,-.173,-.362,.004,.932);es="Linear";ed="In";};["LSSabN"]={cf=cfr(0,0,0,.933,-.004,.361,.001,1,.008,-.361,-.007,.933);es="Linear";ed="In";};["BackN"]={cf=cfr(0,0,0,1,0,0,0,1,0,0,0,1);es="Linear";ed="In";};["ReflectorN"]={cf=cfr(0,0,0,1,0,0,0,1,0,0,0,1);es="Linear";ed="In";};["TailNa"]={cf=cfr(0,0,0,.805,.593,-.003,-.593,.805,0,.002,.002,1);es="Linear";ed="In";};["TailNb"]={cf=cfr(0,0,0,1,0,0,0,.455,.89,0,-.89,.455);es="Linear";ed="In";};["TailNc"]={cf=cfr(0,0,0,1,0,0,0,.744,.668,0,-.668,.744);es="Linear";ed="In";};["LSSabN_end"]={cf=cfr(2.845,-3.316,.749,-.335,.872,-.357,-.665,.049,.745,.667,.487,.563);es="Linear";ed="In";};["FaceM_end"]={cf=cfr(0,0,0,1,0,0,0,1,0,0,0,1);es="Linear";ed="In";};["BlasterM_end"]={cf=cfr(0,0,0,1,0,0,0,1,0,0,0,1);es="Linear";ed="In";};["L2ndNb_end"]={cf=cfr(-6.777,-6.543,9.682,-.814,-.283,.507,.567,-.194,.801,-.128,.939,.318);es="Linear";ed="In";};["FacePattern"]={cf=cfr(0,0,0,1,0,0,0,1,0,0,0,1);es="Linear";ed="In";};["EyeYellowM"]={cf=cfr(0,0,0,1,0,0,0,1,0,0,0,1);es="Linear";ed="In";};["ReflectorN_end"]={cf=cfr(-.839,-1.982,1.214,-.069,-.378,-.923,-.274,.897,-.347,.959,.229,-.166);es="Linear";ed="In";};["RHaveN"]={cf=cfr(-4.642,1.412,-3.981,.881,.465,.088,-.467,.884,.004,-.076,-.045,.996);es="Linear";ed="In";};["ThrowN_end"]={cf=cfr(0,0,0,1,0,0,0,1,0,0,0,1);es="Linear";ed="In";};["BlasterM"]={cf=cfr(0,0,0,1,0,0,0,1,0,0,0,1);es="Linear";ed="In";};["LThumbNb_end"]={cf=cfr(-.517,-10.80,4.12,-.997,-.066,.03,.068,-.706,.705,-.026,.706,.708);es="Linear";ed="In";};["R4thNb_end"]={cf=cfr(3.995,2.803,1.583,.996,.075,-.045,.088,-.799,.595,.009,-.597,-.802);es="Linear";ed="In";};["BlinkHalfM"]={cf=cfr(0,0,0,1,0,0,0,1,0,0,0,1);es="Linear";ed="In";};["RThumbNb_end"]={cf=cfr(5.341,-2.699,-.498,.922,-.359,.144,.386,.848,-.362,.008,.389,.921);es="Linear";ed="In";};["L4thNb_end"]={cf=cfr(-7.999,9.137,2.179,-.812,-.278,.514,-.283,.957,.071,-.511,-.088,-.855);es="Linear";ed="In";};["OuchM"]={cf=cfr(0,0,0,1,0,0,0,1,0,0,0,1);es="Linear";ed="In";};["LASabN_end"]={cf=cfr(-.146,-7.492,-.49,-.803,.556,.213,-.387,-.759,.524,.454,.338,.824);es="Linear";ed="In";};["BackN_end"]={cf=cfr(-2.269,-1.85,.86,-.294,-.346,-.891,.102,.915,-.389,.95,-.205,-.234);es="Linear";ed="In";};["R2ndNb_end"]={cf=cfr(3.986,-4.485,2.19,.996,.071,-.061,-.047,.941,.336,.081,-.332,.94);es="Linear";ed="In";};["FitFox00.ao"]={cf=cfr(0,0,0,1,0,0,0,1,0,0,0,1);es="Linear";ed="In";};["BlinkM_end"]={cf=cfr(0,0,0,1,0,0,0,1,0,0,0,1);es="Linear";ed="In";};["OuchM_end"]={cf=cfr(0,0,0,1,0,0,0,1,0,0,0,1);es="Linear";ed="In";};["LHandNb_end"]={cf=cfr(.123,-10.24,-2.883,.528,-.192,-.827,-.323,-.946,.013,-.785,.26,-.562);es="Linear";ed="In";};["RToeN_end"]={cf=cfr(-1.69,2.628,.025,-.867,-.499,-.004,.499,-.866,-.017,.005,-.017,1);es="Linear";ed="In";};["RHandNb_end"]={cf=cfr(-.822,-5.091,4.065,.986,-.126,-.108,.107,.98,-.169,.128,.155,.98);es="Linear";ed="In";};["RHaveN_end"]={cf=cfr(0,0,0,1,0,0,0,1,0,0,0,1);es="Linear";ed="In";};["TailNc_end"]={cf=cfr(4.541,3.37,.228,.649,.199,.735,.524,.584,-.62,-.552,.787,.275);es="Linear";ed="In";};["LHaveN_end"]={cf=cfr(0,0,0,1,0,0,0,1,0,0,0,1);es="Linear";ed="In";};["FaceM"]={cf=cfr(0,0,0,1,0,0,0,1,0,0,0,1);es="Linear";ed="In";};["ScopeN_end"]={cf=cfr(-.398,.65,2.535,.954,-.163,-.254,.15,.986,-.07,.261,.028,.965);es="Linear";ed="In";};["L1stNb_end"]={cf=cfr(-6.16,-10.46,5.975,-.816,-.283,.504,.558,-.617,.555,.154,.734,.661);es="Linear";ed="In";};["LHaveN"]={cf=cfr(8.566,-1.711,-6.398,-.826,.304,-.475,.491,.802,-.341,.277,-.514,-.812);es="Linear";ed="In";};["R1stNb_end"]={cf=cfr(3.986,-5.004,1.025,.996,.076,-.042,-.073,.994,.076,.047,-.073,.996);es="Linear";ed="In";};["LToeN_end"]={cf=cfr(3.37,-4.351,.791,-.451,.876,-.17,-.888,-.46,-.018,-.094,.142,.985);es="Linear";ed="In";};["RASabN_end"]={cf=cfr(4.455,-2.203,3.347,.883,-.311,-.352,.328,.945,-.012,.336,-.105,.936);es="Linear";ed="In";};["RootNode"]={cf=cfr(0,0,0,-1,0,0,0,1,0,0,0,-1);es="Linear";ed="In";};["ThrowN"]={cf=cfr(-.282,0,0,1,0,0,0,1,0,0,0,1);es="Linear";ed="In";};["RSSabN_end"]={cf=cfr(1.89,1.136,1.979,.387,-.831,-.399,.921,.368,.127,.041,-.417,.908);es="Linear";ed="In";};["MouthN_end"]={cf=cfr(-.007,.638,-2.134,.939,.151,-.309,-.187,.978,-.09,.288,.142,.947);es="Linear";ed="In";};};{tm=.167;["BlinkM"]={cf=cfr(0,0,0,1,0,0,0,1,0,0,0,1);es="Linear";ed="In";};["BlinkHalfM_end"]={cf=cfr(0,0,0,1,0,0,0,1,0,0,0,1);es="Linear";ed="In";};["R3rdNb_end"]={cf=cfr(3.984,1.774,3.039,.996,.076,-.04,.073,-.49,.869,.047,-.869,-.493);es="Linear";ed="In";};["EyeYellowM_end"]={cf=cfr(0,0,0,1,0,0,0,1,0,0,0,1);es="Linear";ed="In";};["L3rdNb_end"]={cf=cfr(-7.332,5.698,8.755,-.812,-.277,.514,.124,.779,.615,-.571,.563,-.598);es="Linear";ed="In";};["FitFox00.mo"]={cf=cfr(0,0,0,1,0,0,0,1,0,0,0,1);es="Linear";ed="In";};["TopN"]={cf=cfr(0,0,0,1,0,0,0,1,0,0,0,1);es="Linear";ed="In";};["TransN"]={cf=cfr(0,0,0,1,0,0,0,1,0,0,0,1);es="Linear";ed="In";};["XRotN"]={cf=cfr(.282,0,0,1,0,0,0,1,0,0,0,1);es="Linear";ed="In";};["YRotN"]={cf=cfr(0,0,0,1,0,0,0,1,0,0,0,1);es="Linear";ed="In";};["HipN"]={cf=cfr(.296,-.658,.809,.759,-.636,.141,.642,.766,-.003,-.106,.093,.99);es="Linear";ed="In";};["LLegJ"]={cf=cfr(0,0,0,.772,.524,-.359,-.222,.753,.62,.595,-.399,.698);es="Linear";ed="In";};["LKneeJ"]={cf=cfr(0,0,0,.786,.116,.608,-.083,.993,-.081,-.613,.013,.79);es="Linear";ed="In";};["LFootJ"]={cf=cfr(0,0,0,.999,.044,-.009,-.045,.963,-.267,-.003,.267,.964);es="Linear";ed="In";};["LToeN"]={cf=cfr(0,0,0,.999,.021,-.048,-.022,.999,-.022,.048,.024,.999);es="Linear";ed="In";};["RLegJ"]={cf=cfr(0,0,0,.968,-.126,-.215,.142,.988,.061,.205,-.09,.975);es="Linear";ed="In";};["RKneeJ"]={cf=cfr(0,0,0,.732,-.143,.666,.02,.982,.19,-.681,-.126,.722);es="Linear";ed="In";};["RFootJ"]={cf=cfr(0,0,0,.937,.348,.035,-.246,.726,-.642,-.249,.593,.766);es="Linear";ed="In";};["RToeN"]={cf=cfr(0,0,0,.728,-.048,-.684,.069,.998,.004,.682,-.05,.73);es="Linear";ed="In";};["WaistN"]={cf=cfr(0,0,0,.815,.571,.096,-.575,.818,.019,-.068,-.071,.995);es="Linear";ed="In";};["BustN"]={cf=cfr(0,0,0,.873,.462,.157,-.446,.886,-.128,-.198,.042,.979);es="Linear";ed="In";};["RShoulderN"]={cf=cfr(0,0,0,1,-.013,.023,.01,.991,.133,-.024,-.133,.991);es="Linear";ed="In";};["RShoulderJ"]={cf=cfr(0,0,0,.766,-.57,-.296,.362,.764,-.534,.531,.302,.792);es="Linear";ed="In";};["RArmJ"]={cf=cfr(0,0,0,.177,-.984,-.001,.984,.177,-.001,.001,-.001,1);es="Linear";ed="In";};["RHandN"]={cf=cfr(0,0,0,.963,-.265,-.047,.256,.955,-.147,.084,.13,.988);es="Linear";ed="In";};["RThumbNa"]={cf=cfr(0,0,0,.982,.058,.179,.06,.805,-.59,-.178,.59,.787);es="Linear";ed="In";};["RThumbNb"]={cf=cfr(0,0,0,.252,.968,0,-.968,.252,0,0,0,1);es="Linear";ed="In";};["R2ndNa"]={cf=cfr(0,0,0,.999,.014,.038,.019,.665,-.747,-.036,.747,.664);es="Linear";ed="In";};["R2ndNb"]={cf=cfr(0,0,0,1,-.001