-- // converted using mech's animoduler
local cfr = CFrame.new

return {{tm=0;["BlinkM"]={cf=cfr(0,0,0,1,0,0,0,1,0,0,0,1);es="Linear";ed="In";};["BlinkHalfM_end"]={cf=cfr(0,0,0,1,0,0,0,1,0,0,0,1);es="Linear";ed="In";};["R3rdNb_end"]={cf=cfr(3.984,1.774,3.039,.996,.076,-.04,.073,-.49,.869,.047,-.869,-.493);es="Linear";ed="In";};["EyeYellowM_end"]={cf=cfr(0,0,0,1,0,0,0,1,0,0,0,1);es="Linear";ed="In";};["L3rdNb_end"]={cf=cfr(-7.332,5.698,8.755,-.812,-.277,.514,.124,.779,.615,-.571,.563,-.598);es="Linear";ed="In";};["TopN"]={cf=cfr(0,0,0,1,0,0,0,1,0,0,0,1);es="Linear";ed="In";};["TransN"]={cf=cfr(0,0,0,1,0,0,0,1,0,0,0,1);es="Linear";ed="In";};["XRotN"]={cf=cfr(.282,0,0,1,0,0,0,1,0,0,0,1);es="Linear";ed="In";};["YRotN"]={cf=cfr(0,0,0,1,0,0,0,1,0,0,0,1);es="Linear";ed="In";};["HipN"]={cf=cfr(.307,-.434,.644,.895,-.437,.088,.438,.899,.009,-.083,.031,.996);es="Linear";ed="In";};["LLegJ"]={cf=cfr(0,0,0,.941,-.061,-.334,.101,.989,.106,.324,-.133,.937);es="Linear";ed="In";};["LKneeJ"]={cf=cfr(0,0,0,.632,.14,.762,-.136,.988,-.069,-.763,-.06,.644);es="Linear";ed="In";};["LFootJ"]={cf=cfr(-.037,-.016,.006,.97,.217,-.106,-.24,.913,-.329,.026,.344,.938);es="Linear";ed="In";};["LToeN"]={cf=cfr(0,0,0,.857,.015,-.515,.006,.999,.04,.515,-.037,.856);es="Linear";ed="In";};["RLegJ"]={cf=cfr(0,0,0,.965,-.071,-.251,.084,.996,.039,.248,-.059,.967);es="Linear";ed="In";};["RKneeJ"]={cf=cfr(0,0,0,.633,-.081,.77,-.011,.993,.113,-.774,-.08,.628);es="Linear";ed="In";};["RFootJ"]={cf=cfr(.021,.003,-.003,.977,.167,-.131,-.209,.864,-.457,.037,.474,.88);es="Linear";ed="In";};["RToeN"]={cf=cfr(0,0,0,.883,-.038,-.469,.045,.999,.003,.468,-.024,.883);es="Linear";ed="In";};["WaistN"]={cf=cfr(0,0,0,.92,.391,-.008,-.391,.92,-.019,0,.02,1);es="Linear";ed="In";};["BustN"]={cf=cfr(0,0,0,.953,.3,.044,-.295,.951,-.093,-.07,.075,.995);es="Linear";ed="In";};["RShoulderN"]={cf=cfr(0,0,0,1,-.006,.014,.005,.996,.087,-.015,-.087,.996);es="Linear";ed="In";};["RShoulderJ"]={cf=cfr(0,0,0,.992,-.099,.083,.124,.905,-.408,-.035,.415,.909);es="Linear";ed="In";};["RArmJ"]={cf=cfr(0,0,0,.659,-.753,-.001,.753,.659,.001,0,-.001,1);es="Linear";ed="In";};["RHandN"]={cf=cfr(.003,0,.001,.983,-.18,-.029,.177,.979,-.099,.046,.092,.995);es="Linear";ed="In";};["RThumbNa"]={cf=cfr(0,0,0,.937,.068,.343,.135,.833,-.536,-.323,.548,.772);es="Linear";ed="In";};["RThumbNb"]={cf=cfr(0,0,0,.591,.798,-.116,-.791,.602,.111,.159,.026,.987);es="Linear";ed="In";};["R2ndNa"]={cf=cfr(0,0,0,1,.01,.026,.015,.587,-.809,-.023,.809,.587);es="Linear";ed="In";};["R2ndNb"]={cf=cfr(0,0,0,1,.001,.001,.001,.016,-1,-.001,1,.016);es="Linear";ed="In";};["R1stNa"]={cf=cfr(0,0,0,1,-.005,-.021,-.013,.623,-.782,.017,.783,.622);es="Linear";ed="In";};["R1stNb"]={cf=cfr(0,0,0,1,.001,.001,.001,.016,-1,-.001,1,.016);es="Linear";ed="In";};["R3rdNa"]={cf=cfr(0,0,0,1,0,-.003,-.002,.55,-.835,.002,.835,.55);es="Linear";ed="In";};["R3rdNb"]={cf=cfr(0,0,0,1,.001,.001,.001,.016,-1,-.001,1,.016);es="Linear";ed="In";};["RHandNb"]={cf=cfr(-.012,.001,-.014,.991,.125,-.043,-.13,.981,-.141,.024,.145,.989);es="Linear";ed="In";};["R4thNa"]={cf=cfr(0,0,0,1,.001,.002,.001,.518,-.855,-.002,.855,.518);es="Linear";ed="In";};["R4thNb"]={cf=cfr(0,0,0,1,.001,.001,.001,.016,-1,-.001,1,.016);es="Linear";ed="In";};["RASabN"]={cf=cfr(.126,-.32,0,.993,.118,-.019,-.116,.988,.1,.03,-.097,.995);es="Linear";ed="In";};["RSSabN"]={cf=cfr(0,0,0,.998,0,-.06,0,1,-.001,.06,.001,.998);es="Linear";ed="In";};["NeckN"]={cf=cfr(0,0,0,.834,-.244,-.495,.222,.97,-.103,.506,-.024,.862);es="Linear";ed="In";};["HeadN"]={cf=cfr(0,0,0,.993,-.005,.121,.004,1,.006,-.121,-.005,.993);es="Linear";ed="In";};["ScopeN"]={cf=cfr(0,0,0,1,0,0,0,1,0,0,0,1);es="Linear";ed="In";};["MouthN"]={cf=cfr(0,0,0,.999,0,.051,0,1,0,-.051,0,.999);es="Linear";ed="In";};["LShoulderN"]={cf=cfr(0,0,0,1,0,-.001,0,1,0,.001,0,1);es="Linear";ed="In";};["LShoulderJ"]={cf=cfr(0,0,0,.84,.532,-.112,-.44,.544,-.715,-.319,.649,.69);es="Linear";ed="In";};["LArmJ"]={cf=cfr(0,0,0,.735,-.678,0,.678,.735,0,0,0,1);es="Linear";ed="In";};["LHandN"]={cf=cfr(-.003,0,-.001,.966,-.126,-.225,.069,.967,-.245,.248,.221,.943);es="Linear";ed="In";};["LThumbNa"]={cf=cfr(0,0,0,.988,.115,.102,-.046,.854,-.518,-.146,.507,.849);es="Linear";ed="In";};["LThumbNb"]={cf=cfr(0,0,0,.632,.775,0,-.775,.632,0,.001,0,1);es="Linear";ed="In";};["L3rdNa"]={cf=cfr(0,0,0,1,-.002,-.005,-.002,.609,-.793,.005,.793,.609);es="Linear";ed="In";};["L3rdNb"]={cf=cfr(0,0,0,1,-.001,-.001,-.001,.062,-.998,.001,.998,.062);es="Linear";ed="In";};["L2ndNa"]={cf=cfr(0,0,0,1,.008,.024,.014,.61,-.793,-.021,.793,.609);es="Linear";ed="In";};["L2ndNb"]={cf=cfr(0,0,0,1,-.001,-.001,-.001,.062,-.998,.001,.998,.062);es="Linear";ed="In";};["L1stNa"]={cf=cfr(0,0,0,1,-.007,-.023,-.014,.61,-.793,.019,.793,.609);es="Linear";ed="In";};["L1stNb"]={cf=cfr(0,0,0,1,0,-.001,-.001,.062,-.998,0,.998,.062);es="Linear";ed="In";};["L4thNa"]={cf=cfr(0,0,0,1,-.001,0,0,.609,-.793,.001,.793,.609);es="Linear";ed="In";};["L4thNb"]={cf=cfr(0,0,0,1,0,-.001,-.001,.062,-.998,0,.998,.062);es="Linear";ed="In";};["LHandNb"]={cf=cfr(.02,-.003,.002,.977,.21,-.04,-.21,.978,-.006,.038,.015,.999);es="Linear";ed="In";};["LASabN"]={cf=cfr(-.126,.275,0,.989,.1,-.109,-.093,.993,.07,.116,-.059,.992);es="Linear";ed="In";};["LSSabN"]={cf=cfr(0,0,0,.992,0,-.129,0,1,-.001,.129,.001,.992);es="Linear";ed="In";};["BackN"]={cf=cfr(0,0,0,1,0,0,0,1,0,0,0,1);es="Linear";ed="In";};["ReflectorN"]={cf=cfr(0,0,0,1,0,0,0,1,0,0,0,1);es="Linear";ed="In";};["TailNa"]={cf=cfr(0,-.327,-.144,.953,.252,-.171,-.303,.745,-.594,-.023,.618,.786);es="Linear";ed="In";};["TailNb"]={cf=cfr(0,.288,.212,1,-.018,.018,.006,.846,.533,-.024,-.532,.846);es="Linear";ed="In";};["TailNc"]={cf=cfr(0,0,0,1,-.004,.018,-.005,.876,.481,-.017,-.481,.876);es="Linear";ed="In";};["LSSabN_end"]={cf=cfr(2.845,-3.316,.749,-.335,.872,-.357,-.665,.049,.745,.667,.487,.563);es="Linear";ed="In";};["FaceM_end"]={cf=cfr(0,0,0,1,0,0,0,1,0,0,0,1);es="Linear";ed="In";};["BlasterM_end"]={cf=cfr(0,0,0,1,0,0,0,1,0,0,0,1);es="Linear";ed="In";};["L2ndNb_end"]={cf=cfr(-6.777,-6.543,9.682,-.814,-.283,.507,.567,-.194,.801,-.128,.939,.318);es="Linear";ed="In";};["RSSabN_end"]={cf=cfr(1.89,1.136,1.979,.387,-.831,-.399,.921,.368,.127,.041,-.417,.908);es="Linear";ed="In";};["FacePattern"]={cf=cfr(0,0,0,1,0,0,0,1,0,0,0,1);es="Linear";ed="In";};["EyeYellowM"]={cf=cfr(0,0,0,1,0,0,0,1,0,0,0,1);es="Linear";ed="In";};["LThumbNb_end"]={cf=cfr(-.517,-10.80,4.12,-.997,-.066,.03,.068,-.706,.705,-.026,.706,.708);es="Linear";ed="In";};["ReflectorN_end"]={cf=cfr(-.839,-1.982,1.214,-.069,-.378,-.923,-.274,.897,-.347,.959,.229,-.166);es="Linear";ed="In";};["RHaveN"]={cf=cfr(-4.642,1.412,-3.981,.881,.465,.088,-.467,.884,.004,-.076,-.045,.996);es="Linear";ed="In";};["ThrowN_end"]={cf=cfr(0,0,0,1,0,0,0,1,0,0,0,1);es="Linear";ed="In";};["BlasterM"]={cf=cfr(0,0,0,1,0,0,0,1,0,0,0,1);es="Linear";ed="In";};["BlinkHalfM"]={cf=cfr(0,0,0,1,0,0,0,1,0,0,0,1);es="Linear";ed="In";};["RThumbNb_end"]={cf=cfr(5.341,-2.699,-.498,.922,-.359,.144,.386,.848,-.362,.008,.389,.921);es="Linear";ed="In";};["R4thNb_end"]={cf=cfr(3.995,2.803,1.583,.996,.075,-.045,.088,-.799,.595,.009,-.597,-.802);es="Linear";ed="In";};["BackN_end"]={cf=cfr(-2.269,-1.85,.86,-.294,-.346,-.891,.102,.915,-.389,.95,-.205,-.234);es="Linear";ed="In";};["OuchM"]={cf=cfr(0,0,0,1,0,0,0,1,0,0,0,1);es="Linear";ed="In";};["BlinkM_end"]={cf=cfr(0,0,0,1,0,0,0,1,0,0,0,1);es="Linear";ed="In";};["OuchM_end"]={cf=cfr(0,0,0,1,0,0,0,1,0,0,0,1);es="Linear";ed="In";};["LHandNb_end"]={cf=cfr(.123,-10.24,-2.883,.528,-.192,-.827,-.323,-.946,.013,-.785,.26,-.562);es="Linear";ed="In";};["L1stNb_end"]={cf=cfr(-6.16,-10.46,5.975,-.816,-.283,.504,.558,-.617,.555,.154,.734,.661);es="Linear";ed="In";};["FitFox00.ao"]={cf=cfr(0,0,0,1,0,0,0,1,0,0,0,1);es="Linear";ed="In";};["RootNode"]={cf=cfr(0,0,0,-1,0,0,0,1,0,0,0,-1);es="Linear";ed="In";};["LToeN_end"]={cf=cfr(3.37,-4.351,.791,-.451,.876,-.17,-.888,-.46,-.018,-.094,.142,.985);es="Linear";ed="In";};["RHaveN_end"]={cf=cfr(0,0,0,1,0,0,0,1,0,0,0,1);es="Linear";ed="In";};["R1stNb_end"]={cf=cfr(3.986,-5.004,1.025,.996,.076,-.042,-.073,.994,.076,.047,-.073,.996);es="Linear";ed="In";};["TailNc_end"]={cf=cfr(4.541,3.37,.228,.649,.199,.735,.524,.584,-.62,-.552,.787,.275);es="Linear";ed="In";};["LHaveN_end"]={cf=cfr(0,0,0,1,0,0,0,1,0,0,0,1);es="Linear";ed="In";};["LHaveN"]={cf=cfr(8.566,-1.711,-6.398,-.826,.304,-.475,.491,.802,-.341,.277,-.514,-.812);es="Linear";ed="In";};["FaceM"]={cf=cfr(0,0,0,1,0,0,0,1,0,0,0,1);es="Linear";ed="In";};["ScopeN_end"]={cf=cfr(-.398,.65,2.535,.954,-.163,-.254,.15,.986,-.07,.261,.028,.965);es="Linear";ed="In";};["RHandNb_end"]={cf=cfr(-.822,-5.091,4.065,.986,-.126,-.108,.107,.98,-.169,.128,.155,.98);es="Linear";ed="In";};["RToeN_end"]={cf=cfr(-1.69,2.628,.025,-.867,-.499,-.004,.499,-.866,-.017,.005,-.017,1);es="Linear";ed="In";};["RASabN_end"]={cf=cfr(4.455,-2.203,3.347,.883,-.311,-.352,.328,.945,-.012,.336,-.105,.936);es="Linear";ed="In";};["R2ndNb_end"]={cf=cfr(3.986,-4.485,2.19,.996,.071,-.061,-.047,.941,.336,.081,-.332,.94);es="Linear";ed="In";};["LASabN_end"]={cf=cfr(-.146,-7.492,-.49,-.803,.556,.213,-.387,-.759,.524,.454,.338,.824);es="Linear";ed="In";};["ThrowN"]={cf=cfr(-.282,0,0,1,0,0,0,1,0,0,0,1);es="Linear";ed="In";};["L4thNb_end"]={cf=cfr(-7.999,9.137,2.179,-.812,-.278,.514,-.283,.957,.071,-.511,-.088,-.855);es="Linear";ed="In";};["MouthN_end"]={cf=cfr(-.007,.638,-2.134,.939,.151,-.309,-.187,.978,-.09,.288,.142,.947);es="Linear";ed="In";};};{tm=.043;["BlinkM"]={cf=cfr(0,0,0,1,0,0,0,1,0,0,0,1);es="Linear";ed="In";};["BlinkHalfM_end"]={cf=cfr(0,0,0,1,0,0,0,1,0,0,0,1);es="Linear";ed="In";};["R3rdNb_end"]={cf=cfr(3.984,1.774,3.039,.996,.076,-.04,.073,-.49,.869,.047,-.869,-.493);es="Linear";ed="In";};["EyeYellowM_end"]={cf=cfr(0,0,0,1,0,0,0,1,0,0,0,1);es="Linear";ed="In";};["L3rdNb_end"]={cf=cfr(-7.332,5.698,8.755,-.812,-.277,.514,.124,.779,.615,-.571,.563,-.598);es="Linear";ed="In";};["TopN"]={cf=cfr(0,0,0,1,0,0,0,1,0,0,0,1);es="Linear";ed="In";};["TransN"]={cf=cfr(0,0,0,1,0,0,0,1,0,0,0,1);es="Linear";ed="In";};["XRotN"]={cf=cfr(.282,0,0,1,0,0,0,1,0,0,0,1);es="Linear";ed="In";};["YRotN"]={cf=cfr(0,0,0,1,0,0,0,1,0,0,0,1);es="Linear";ed="In";};["HipN"]={cf=cfr(.308,-.276,.54,.954,-.285,.094,.283,.958,.034,-.1,-.006,.995);es="Linear";ed="In";};["LLegJ"]={cf=cfr(0,0,0,.989,-.067,-.132,.073,.997,.04,.129,-.049,.99);es="Linear";ed="In";};["LKneeJ"]={cf=cfr(0,0,0,.81,.129,.572,-.13,.991,-.04,-.572,-.042,.819);es="Linear";ed="In";};["LFootJ"]={cf=cfr(-.036,-.016,.006,.974,.215,.068,-.2,.964,-.174,-.103,.156,.982);es="Linear";ed="In";};["LToeN"]={cf=cfr(0,0,0,.94,.013,-.341,-.003,1,.029,.341,-.027,.94);es="Linear";ed="In";};["RLegJ"]={cf=cfr(0,0,0,.828,-.051,-.558,.074,.997,.02,.555,-.058,.83);es="Linear";ed="In";};["RKneeJ"]={cf=cfr(0,0,0,.232,-.076,.97,-.083,.992,.098,-.969,-.103,.224);es="Linear";ed="In";};["RFootJ"]={cf=cfr(.02,.003,-.003,.961,.097,-.259,-.169,.947,-.274,.218,.307,.926);es="Linear";ed="In";};["RToeN"]={cf=cfr(0,0,0,.951,-.028,-.309,.031,.999,.007,.308,-.016,.951);es="Linear";ed="In";};["WaistN"]={cf=cfr(0,0,0,.962,.255,-.101,-.261,.964,-.046,.085,.07,.994);es="Linear";ed="In";};["BustN"]={cf=cfr(0,0,0,.981,.188,-.055,-.192,.979,-.071,.04,.08,.996);es="Linear";ed="In";};["RShoulderN"]={cf=cfr(0,0,0,.999,.028,.023,-.029,.999,.042,-.021,-.043,.999);es="Linear";ed="In";};["RShoulderJ"]={cf=cfr(0,0,0,.981,.187,-.051,-.189,.865,-.464,-.043,.465,.884);es="Linear";ed="In";};["RArmJ"]={cf=cfr(0,0,0,.765,-.644,-.002,.644,.765,.001,.001,-.002,1);es="Linear";ed="In";};["RHandN"]={cf=cfr(.003,0,.001,.994,-.105,.037,.106,.994,-.039,-.033,.043,.999);es="Linear";ed="In";};["RThumbNa"]={cf=cfr(0,0,0,.893,.069,.445,.181,.85,-.495,-.412,.523,.746);es="Linear";ed="In";};["RThumbNb"]={cf=cfr(0,0,0,.75,.619,-.23,-.607,.784,.131,.262,.042,.964);es="Linear";ed="In";};["R2ndNa"]={cf=cfr(0,0,0,1,.01,.021,.012,.534,-.846,-.02,.846,.533);es="Linear";ed="In";};["R2ndNb"]={cf=cfr(0,0,0,1,.001,.001,.001,.149,-.989,-.001,.989,.149);es="Linear";ed="In";};["R1stNa"]={cf=cfr(0,0,0,1,-.003,-.014,-.01,.594,-.805,.011,.805,.594);es="Linear";ed="In";};["R1stNb"]={cf=cfr(0,0,0,1,.001,.001,.001,.149,-.989,-.001,.989,.149);es="Linear";ed="In";};["R3rdNa"]={cf=cfr(0,0,0,1,.001,0,-.001,.47,-.883,-.001,.883,.47);es="Linear";ed="In";};["R3rdNb"]={cf=cfr(0,0,0,1,.001,.001,.001,.149,-.989,-.001,.989,.149);es="Linear";ed="In";};["RHandNb"]={cf=cfr(-.017,.001,-.013,.998,.062,-.022,-.064,.994,-.086,.016,.087,.996);es="Linear";ed="In";};["R4thNa"]={cf=cfr(0,0,0,1,.001,.004,.004,.414,-.91,-.002,.91,.414);es="Linear";ed="In";};["R4thNb"]={cf=cfr(0,0,0,1,.001,.001,.001,.149,-.989,-.001,.989,.149);es="Linear";ed="In";};["RASabN"]={cf=cfr(.12,-.277,0,.997,.067,.035,-.069,.994,.081,-.029,-.083,.996);es="Linear";ed="In";};["RSSabN"]={cf=cfr(0,0,0,1,0,.007,0,1,0,-.007,0,1);es="Linear";ed="In";};["NeckN"]={cf=cfr(0,0,0,.859,-.158,-.487,.146,.987,-.063,.491,-.017,.871);es="Linear";ed="In";};["HeadN"]={cf=cfr(0,0,0,.997,.002,.078,-.003,1,.008,-.078,-.008,.997);es="Linear";ed="In";};["ScopeN"]={cf=cfr(0,0,0,1,0,0,0,1,0,0,0,1);es="Linear";ed="In";};["MouthN"]={cf=cfr(0,0,0,.996,0,.094,0,1,0,-.094,0,.996);es="Linear";ed="In";};["LShoulderN"]={cf=cfr(0,0,0,.999,.034,.025,-.035,.999,.041,-.024,-.041,.999);es="Linear";ed="In";};["LShoulderJ"]={cf=cfr(0,0,0,.982,.182,-.042,-.182,.878,-.442,-.044,.442,.896);es="Linear";ed="In";};["LArmJ"]={cf=cfr(0,0,0,.514,-.858,.003,.858,.514,-.001,-.001,.003,1);es="Linear";ed="In";};["LHandN"]={cf=cfr(-.003,0,-.001,.998,-.022,-.058,.016,.994,-.107,.06,.106,.993);es="Linear";ed="In";};["LThumbNa"]={cf=cfr(0,0,0,.986,.156,.058,-.112,.88,-.461,-.124,.448,.886);es="Linear";ed="In";};["LThumbNb"]={cf=cfr(0,0,0,.823,.567,-.001,-.567,.823,0,.001,0,1);es="Linear";ed="In";};["L3rdNa"]={cf=cfr(0,0,0,1,-.001,-.003,-.002,.571,-.821,.002,.821,.571);es="Linear";ed="In";};["L3rdNb"]={cf=cfr(0,0,0,1,-.001,-.001,0,.224,-.975,.001,.975,.224);es="Linear";ed="In";};["L2ndNa"]={cf=cfr(0,0,0,1,.009,.016,.009,.571,-.821,-.016,.821,.571);es="Linear";ed="In";};["L2ndNb"]={cf=cfr(0,0,0,1,-.001,-.001,0,.224,-.975,.001,.975,.224);es="Linear";ed="In";};["L1stNa"]={cf=cfr(0,0,0,1,-.005,-.018,-.012,.572,-.821,.015,.821,.571);es="Linear";ed="In";};["L1stNb"]={cf=cfr(0,0,0,1,0,-.001,-.001,.224,-.975,0,.975,.224);es="Linear";ed="In";};["L4thNa"]={cf=cfr(0,0,0,1,-.002,.002,.003,.57,-.822,0,.822,.57);es="Linear";ed="In";};["L4thNb"]={cf=cfr(0,0,0,1,0,-.001,-.001,.224,-.975,0,.975,.224);es="Linear";ed="In";};["LHandNb"]={cf=cfr(.023,-.004,.002,.995,.094,-.015,-.094,.996,.015,.016,-.013,1);es="Linear";ed="In";};["LASabN"]={cf=cfr(-.113,.348,0,.981,.192,.019,-.192,.981,.036,-.011,-.039,.999);es="Linear";ed="In";};["LSSabN"]={cf=cfr(0,0,0,1,0,.002,0,1,-.001,-.002,.001,1);es="Linear";ed="In";};["BackN"]={cf=cfr(0,0,0,.977,.213,-.012,-.213,.972,-.1,-.01,.101,.995);es="Linear";ed="In";};["ReflectorN"]={cf=cfr(0,0,0,1,0,0,0,1,0,0,0,1);es="Linear";ed="In";};["TailNa"]={cf=cfr(0,-.327,-.144,.982,.156,-.108,-.189,.746,-.639,-.019,.647,.762);es="Linear";ed="In";};["TailNb"]={cf=cfr(0,.288,.212,.999,-.028,.028,.008,.84,.542,-.039,-.542,.84);es="Linear";ed="In";};["TailNc"]={cf=cfr(0,0,0,1,-.004,.028,-.008,.906,.423,-.027,-.423,.906);es="Linear";ed="In";};["LSSabN_end"]={cf=cfr(2.845,-3.316,.749,-.335,.872,-.357,-.665,.049,.745,.667,.487,.563);es="Linear";ed="In";};["FaceM_end"]={cf=cfr(0,0,0,1,0,0,0,1,0,0,0,1);es="Linear";ed="In";};["BlasterM_end"]={cf=cfr(0,0,0,1,0,0,0,1,0,0,0,1);es="Linear";ed="In";};["L2ndNb_end"]={cf=cfr(-6.777,-6.543,9.682,-.814,-.283,.507,.567,-.194,.801,-.128,.939,.318);es="Linear";ed="In";};["RSSabN_end"]={cf=cfr(1.89,1.136,1.979,.387,-.831,-.399,.921,.368,.127,.041,-.417,.908);es="Linear";ed="In";};["FacePattern"]={cf=cfr(0,0,0,1,0,0,0,1,0,0,0,1);es="Linear";ed="In";};["EyeYellowM"]={cf=cfr(0,0,0,1,0,0,0,1,0,0,0,1);es="Linear";ed="In";};["LThumbNb_end"]={cf=cfr(-.517,-10.80,4.12,-.997,-.066,.03,.068,-.706,.705,-.026,.706,.708);es="Linear";ed="In";};["ReflectorN_end"]={cf=cfr(-.839,-1.982,1.214,-.069,-.378,-.923,-.274,.897,-.347,.959,.229,-.166);es="Linear";ed="In";};["RHaveN"]={cf=cfr(-4.642,1.412,-3.981,.881,.465,.088,-.467,.884,.004,-.076,-.045,.996);es="Linear";ed="In";};["ThrowN_end"]={cf=cfr(0,0,0,1,0,0,0,1,0,0,0,1);es="Linear";ed="In";};["BlasterM"]={cf=cfr(0,0,0,1,0,0,0,1,0,0,0,1);es="Linear";ed="In";};["BlinkHalfM"]={cf=cfr(0,0,0,1,0,0,0,1,0,0,0,1);es="Linear";ed="In";};["RThumbNb_end"]={cf=cfr(5.341,-2.699,-.498,.922,-.359,.144,.386,.848,-.362,.008,.389,.921);es="Linear";ed="In";};["R4thNb_end"]={cf=cfr(3.995,2.803,1.583,.996,.075,-.045,.088,-.799,.595,.009,-.597,-.802);es="Linear";ed="In";};["BackN_end"]={cf=cfr(-2.269,-1.85,.86,-.294,-.346,-.891,.102,.915,-.389,.95,-.205,-.234);es="Linear";ed="In";};["OuchM"]={cf=cfr(0,0,0,1,0,0,0,1,0,0,0,1);es="Linear";ed="In";};["BlinkM_end"]={cf=cfr(0,0,0,1,0,0,0,1,0,0,0,1);es="Linear";ed="In";};["OuchM_end"]={cf=cfr(0,0,0,1,0,0,0,1,0,0,0,1);es="Linear";ed="In";};["LHandNb_end"]={cf=cfr(.123,-10.24,-2.883,.528,-.192,-.827,-.323,-.946,.013,-.785,.26,-.562);es="Linear";ed="In";};["L1stNb_end"]={cf=cfr(-6.16,-10.46,5.975,-.816,-.283,.504,.558,-.617,.555,.154,.734,.661);es="Linear";ed="In";};["FitFox00.ao"]={cf=cfr(0,0,0,1,0,0,0,1,0,0,0,1);es="Linear";ed="In";};["RootNode"]={cf=cfr(0,0,0,-1,0,0,0,1,0,0,0,-1);es="Linear";ed="In";};["LToeN_end"]={cf=cfr(3.37,-4.351,.791,-.451,.876,-.17,-.888,-.46,-.018,-.094,.142,.985);es="Linear";ed="In";};["RHaveN_end"]={cf=cfr(0,0,0,1,0,0,0,1,0,0,0,1);es="Linear";ed="In";};["R1stNb_end"]={cf=cfr(3.986,-5.004,1.025,.996,.076,-.042,-.073,.994,.076,.047,-.073,.996);es="Linear";ed="In";};["TailNc_end"]={cf=cfr(4.541,3.37,.228,.649,.199,.735,.524,.584,-.62,-.552,.787,.275);es="Linear";ed="In";};["LHaveN_end"]={cf=cfr(0,0,0,1,0,0,0,1,0,0,0,1);es="Linear";ed="In";};["LHaveN"]={cf=cfr(8.566,-1.711,-6.398,-.826,.304,-.475,.491,.802,-.341,.277,-.514,-.812);es="Linear";ed="In";};["FaceM"]={cf=cfr(0,0,0,1,0,0,0,1,0,0,0,1);es="Linear";ed="In";};["ScopeN_end"]={cf=cfr(-.398,.65,2.535,.954,-.163,-.254,.15,.986,-.07,.261,.028,.965);es="Linear";ed="In";};["RHandNb_end"]={cf=cfr(-.822,-5.091,4.065,.986,-.126,-.108,.107,.98,-.169,.128,.155,.98);es="Linear";ed="In";};["RToeN_end"]={cf=cfr(-1.69,2.628,.025,-.867,-.499,-.004,.499,-.866,-.017,.005,-.017,1);es="Linear";ed="In";};["RASabN_end"]={cf=cfr(4.455,-2.203,3.347,.883,-.311,-.352,.328,.945,-.012,.336,-.105,.936);es="Linear";ed="In";};["R2ndNb_end"]={cf=cfr(3.986,-4.485,2.19,.996,.071,-.061,-.047,.941,.336,.081,-.332,.94);es="Linear";ed="In";};["LASabN_end"]={cf=cfr(-.146,-7.492,-.49,-.803,.556,.213,-.387,-.759,.524,.454,.338,.824);es="Linear";ed="In";};["ThrowN"]={cf=cfr(-.282,0,0,1,0,0,0,1,0,0,0,1);es="Linear";ed="In";};["L4thNb_end"]={cf=cfr(-7.999,9.137,2.179,-.812,-.278,.514,-.283,.957,.071,-.511,-.088,-.855);es="Linear";ed="In";};["MouthN_end"]={cf=cfr(-.007,.638,-2.134,.939,.151,-.309,-.187,.978,-.09,.288,.142,.947);es="Linear";ed="In";};};{tm=.085;["BlinkM"]={cf=cfr(0,0,0,1,0,0,0,1,0,0,0,1);es="Linear";ed="In";};["BlinkHalfM_end"]={cf=cfr(0,0,0,1,0,0,0,1,0,0,0,1);es="Linear";ed="In";};["R3rdNb_end"]={cf=cfr(3.984,1.774,3.039,.996,.076,-.04,.073,-.49,.869,.047,-.869,-.493);es="Linear";ed="In";};["EyeYellowM_end"]={cf=cfr(0,0,0,1,0,0,0,1,0,0,0,1);es="Linear";ed="In";};["L3rdNb_end"]={cf=cfr(-7.332,5.698,8.755,-.812,-.277,.514,.124,.779,.615,-.571,.563,-.598);es="Linear";ed="In";};["TopN"]={cf=cfr(0,0,0,1,0,0,0,1,0,0,0,1);es="Linear";ed="In";};["TransN"]={cf=cfr(0,0,0,1,0,0,0,1,0,0,0,1);es="Linear";ed="In";};["XRotN"]={cf=cfr(.282,0,0,1,0,0,0,1,0,0,0,1);es="Linear";ed="In";};["YRotN"]={cf=cfr(0,0,0,1,0,0,0,1,0,0,0,1);es="Linear";ed="In";};["HipN"]={cf=cfr(.309,-.119,.437,.99,-.098,.099,.093,.994,.06,-.104,-.05,.993);es="Linear";ed="In";};["LLegJ"]={cf=cfr(0,0,0,.993,-.034,.114,.039,.998,-.041,-.113,.045,.993);es="Linear";ed="In";};["LKneeJ"]={cf=cfr(0,0,0,.949,.119,.292,-.121,.993,-.011,-.291,-.025,.956);es="Linear";ed="In";};["LFootJ"]={cf=cfr(-.036,-.016,.006,.949,.137,.283,-.147,.989,.014,-.278,-.055,.959);es="Linear";ed="In";};["LToeN"]={cf=cfr(0,0,0,.993,.011,-.121,-.009,1,.017,.122,-.016,.992);es="Linear";ed="In";};["RLegJ"]={cf=cfr(0,0,0,.55,-.03,-.835,.064,.998,.007,.833,-.058,.551);es="Linear";ed="In";};["RKneeJ"]={cf=cfr(0,0,0,-.292,-.072,.954,-.142,.989,.031,-.946,-.126,-.299);es="Linear";ed="In";};["RFootJ"]={cf=cfr(.019,.003,-.003,.906,.095,-.412,-.123,.991,-.043,.405,.089,.91);es="Linear";ed="In";};["RToeN"]={cf=cfr(0,0,0,.994,-.017,-.11,.017,1,.006,.11,-.008,.994);es="Linear";ed="In";};["WaistN"]={cf=cfr(0,0,0,.981,.088,-.173,-.102,.992,-.077,.165,.093,.982);es="Linear";ed="In";};["BustN"]={cf=cfr(0,0,0,.989,.06,-.133,-.067,.997,-.044,.13,.053,.99);es="Linear";ed="In";};["RShoulderN"]={cf=cfr(0,0,0,.997,.068,.029,-.068,.998,-.018,-.03,.016,.999);es="Linear";ed="In";};["RShoulderJ"]={cf=cfr(0,0,0,.846,.476,-.24,-.53,.706,-.469,-.053,.524,.85);es="Linear";ed="In";};["RArmJ"]={cf=cfr(0,0,0,.868,-.497,-.003,.497,.868,.002,.001,-.003,1);es="Linear";ed="In";};["RHandN"]={cf=cfr(.003,0,.001,.992,-.02,.124,.016,.999,.037,-.124,-.034,.992);es="Linear";ed="In";};["RThumbNa"]={cf=cfr(0,0,0,.828,.07,.557,.227,.865,-.447,-.513,.497,.7);es="Linear";ed="In";};["RThumbNb"]={cf=cfr(0,0,0,.855,.362,-.372,-.356,.93,.087,.377,.059,.924);es="Linear";ed="In";};["R2ndNa"]={cf=cfr(0,0,0,1,.011,.015,.009,.468,-.884,-.017,.884,.467);es="Linear";ed="In";};["R2ndNb"]={cf=cfr(0,0,0,1,.001,.001,.001,.301,-.953,-.001,.953,.301);es="Linear";ed="In";};["R1stNa"]={cf=cfr(0,0,0,1,-.001,-.008,-.006,.559,-.829,.006,.829,.559);es="Linear";ed="In";};["R1stNb"]={cf=cfr(0,0,0,1,.001,.001,.001,.302,-.953,-.001,.953,.302);es="Linear";ed="In";};["R3rdNa"]={cf=cfr(0,0,0,1,.003,.003,.001,.37,-.929,-.004,.929,.37);es="Linear";ed="In";};["R3rdNb"]={cf=cfr(0,0,0,1,.001,.001,.001,.301,-.953,-.001,.953,.301);es="Linear";ed="In";};["RHandNb"]={cf=cfr(-.021,.002,-.012,1,-.018,.004,.018,1,-.019,-.004,.02,1);es="Linear";ed="In";};["R4thNa"]={cf=cfr(0,0,0,1,0,.007,.006,.284,-.959,-.002,.959,.284);es="Linear";ed="In";};["R4thNb"]={cf=cfr(0,0,0,1,.001,.001,.001,.301,-.953,-.001,.953,.301);es="Linear";ed="In";};["RASabN"]={cf=cfr(.114,-.234,0,.992,.003,.124,-.01,.998,.062,-.124,-.062,.99);es="Linear";ed="In";};["RSSabN"]={cf=cfr(0,0,0,.994,0,.112,0,1,0,-.112,0,.994);es="Linear";ed="In";};["NeckN"]={cf=cfr(0,0,0,.878,-.056,-.474,.054,.998,-.018,.475,-.01,.88);es="Linear";ed="In";};["HeadN"]={cf=cfr(0,0,0,1,.01,.027,-.01,1,.01,-.027,-.011,1);es="Linear";ed="In";};["ScopeN"]={cf=cfr(0,0,0,1,0,0,0,1,0,0,0,1);es="Linear";ed="In";};["MouthN"]={cf=cfr(0,0,0,.99,0,.143,0,1,0,-.143,0,.99);es="Linear";ed="In";};["LShoulderN"]={cf=cfr(0,0,0,.997,.056,.047,-.06,.995,.075,-.042,-.077,.996);es="Linear";ed="In";};["LShoulderJ"]={cf=cfr(0,0,0,.95,-.246,-.194,.182,.937,-.298,.255,.248,.935);es="Linear";ed="In";};["LArmJ"]={cf=cfr(0,0,0,.251,-.968,.003,.968,.251,0,0,.003,1);es="Linear";ed="In";};["LHandN"]={cf=cfr(-.003,0,-.001,.998,.01,.068,-.009,1,-.002,-.068,.001,.998);es="Linear";ed="In";};["LThumbNa"]={cf=cfr(0,0,0,.978,.208,.018,-.185,.904,-.386,-.096,.374,.922);es="Linear";ed="In";};["LThumbNb"]={cf=cfr(0,0,0,.963,.268,-.001,-.268,.963,0,.001,0,1);es="Linear";ed="In";};["L3rdNa"]={cf=cfr(0,0,0,1,.001,-.001,-.001,.524,-.852,0,.852,.524);es="Linear";ed="In";};["L3rdNb"]={cf=cfr(0,0,0,1,-.001,-.001,0,.405,-.914,.001,.914,.405);es="Linear";ed="In";};["L2ndNa"]={cf=cfr(0,0,0,1,.009,.009,.003,.525,-.851,-.012,.851,.525);es="Linear";ed="In";};["L2ndNb"]={cf=cfr(0,0,0,1,-.001,-.001,0,.405,-.914,.001,.914,.405);es="Linear";ed="In";};["L1stNa"]={cf=cfr(0,0,0,1,-.004,-.013,-.009,.525,-.851,.01,.851,.525);es="Linear";ed="In";};["L1stNb"]={cf=cfr(0,0,0,1,0,-.001,-.001,.405,-.914,0,.914,.405);es="Linear";ed="In";};["L4thNa"]={cf=cfr(0,0,0,1,-.003,.004,.005,.523,-.852,0,.852,.523);es="Linear";ed="In";};["L4thNb"]={cf=cfr(0,0,0,1,0,-.001,-.001,.405,-.914,0,.914,.405);es="Linear";ed="In";};["LHandNb"]={cf=cfr(.026,-.004,.001,1,.004,0,-.004,1,.016,0,-.016,1);es="Linear";ed="In";};["LASabN"]={cf=cfr(-.1,.421,0,.941,.261,.213,-.253,.965,-.064,-.223,.006,.975);es="Linear";ed="In";};["LSSabN"]={cf=cfr(0,0,0,.972,0,.233,0,1,-.001,-.233,.001,.972);es="Linear";ed="In";};["BackN"]={cf=cfr(0,0,0,.892,.451,-.022,-.445,.87,-.212,-.076,.199,.977);es="Linear";ed="In";};["ReflectorN"]={cf=cfr(0,0,0,1,0,0,0,1,0,0,0,1);es="Linear";ed="In";};["TailNa"]={cf=cfr(0,-.327,-.144,.999,.038,-.026,-.046,.746,-.664,-.006,.665,.747);es="Linear";ed="In";};["TailNb"]={cf=cfr(0,.288,.212,.999,-.038,.038,.011,.834,.552,-.053,-.551,.833);es="Linear";ed="In";};["TailNc"]={cf=cfr(0,0,0,.999,-.004,.038,-.01,.937,.351,-.037,-.351,.936);es="Linear";ed="In";};["LSSabN_end"]={cf=cfr(2.845,-3.316,.749,-.335,.872,-.357,-.665,.049,.745,.667,.487,.563);es="Linear";ed="In";};["FaceM_end"]={cf=cfr(0,0,0,1,0,0,0,1,0,0,0,1);es="Linear";ed="In";};["BlasterM_end"]={cf=cfr(0,0,0,1,0,0,0,1,0,0,0,1);es="Linear";ed="In";};["L2ndNb_end"]={cf=cfr(-6.777,-6.543,9.682,-.814,-.283,.507,.567,-.194,.801,-.128,.939,.318);es="Linear";ed="In";};["RSSabN_end"]={cf=cfr(1.89,1.136,1.979,.387,-.831,-.399,.921,.368,.127,.041,-.417,.908);es="Linear";ed="In";};["FacePattern"]={cf=cfr(0,0,0,1,0,0,0,1,0,0,0,1);es="Linear";ed="In";};["EyeYellowM"]={cf=cfr(0,0,0,1,0,0,0,1,0,0,0,1);es="Linear";ed="In";};["LThumbNb_end"]={cf=cfr(-.517,-10.80,4.12,-.997,-.066,.03,.068,-.706,.705,-.026,.706,.708);es="Linear";ed="In";};["ReflectorN_end"]={cf=cfr(-.839,-1.982,1.214,-.069,-.378,-.923,-.274,.897,-.347,.959,.229,-.166);es="Linear";ed="In";};["RHaveN"]={cf=cfr(-4.642,1.412,-3.981,.881,.465,.088,-.467,.884,.004,-.076,-.045,.996);es="Linear";ed="In";};["ThrowN_end"]={cf=cfr(0,0,0,1,0,0,0,1,0,0,0,1);es="Linear";ed="In";};["BlasterM"]={cf=cfr(0,0,0,1,0,0,0,1,0,0,0,1);es="Linear";ed="In";};["BlinkHalfM"]={cf=cfr(0,0,0,1,0,0,0,1,0,0,0,1);es="Linear";ed="In";};["RThumbNb_end"]={cf=cfr(5.341,-2.699,-.498,.922,-.359,.144,.386,.848,-.362,.008,.389,.921);es="Linear";ed="In";};["R4thNb_end"]={cf=cfr(3.995,2.803,1.583,.996,.075,-.045,.088,-.799,.595,.009,-.597,-.802);es="Linear";ed="In";};["BackN_end"]={cf=cfr(-2.269,-1.85,.86,-.294,-.346,-.891,.102,.915,-.389,.95,-.205,-.234);es="Linear";ed="In";};["OuchM"]={cf=cfr(0,0,0,1,0,0,0,1,0,0,0,1);es="Linear";ed="In";};["BlinkM_end"]={cf=cfr(0,0,0,1,0,0,0,1,0,0,0,1);es="Linear";ed="In";};["OuchM_end"]={cf=cfr(0,0,0,1,0,0,0,1,0,0,0,1);es="Linear";ed="In";};["LHandNb_end"]={cf=cfr(.123,-10.24,-2.883,.528,-.192,-.827,-.323,-.946,.013,-.785,.26,-.562);es="Linear";ed="In";};["L1stNb_end"]={cf=cfr(-6.16,-10.46,5.975,-.816,-.283,.504,.558,-.617,.555,.154,.734,.661);es="Linear";ed="In";};["FitFox00.ao"]={cf=cfr(0,0,0,1,0,0,0,1,0,0,0,1);es="Linear";ed="In";};["RootNode"]={cf=cfr(0,0,0,-1,0,0,0,1,0,0,0,-1);es="Linear";ed="In";};["LToeN_end"]={cf=cfr(3.37,-4.351,.791,-.451,.876,-.17,-.888,-.46,-.018,-.094,.142,.985);es="Linear";ed="In";};["RHaveN_end"]={cf=cfr(0,0,0,1,0,0,0,1,0,0,0,1);es="Linear";ed="In";};["R1stNb_end"]={cf=cfr(3.986,-5.004,1.025,.996,.076,-.042,-.073,.994,.076,.047,-.073,.996);es="Linear";ed="In";};["TailNc_end"]={cf=cfr(4.541,3.37,.228,.649,.199,.735,.524,.584,-.62,-.552,.787,.275);es="Linear";ed="In";};["LHaveN_end"]={cf=cfr(0,0,0,1,0,0,0,1,0,0,0,1);es="Linear";ed="In";};["LHaveN"]={cf=cfr(8.566,-1.711,-6.398,-.826,.304,-.475,.491,.802,-.341,.277,-.514,-.812);es="Linear";ed="In";};["FaceM"]={cf=cfr(0,0,0,1,0,0,0,1,0,0,0,1);es="Linear";ed="In";};["ScopeN_end"]={cf=cfr(-.398,.65,2.535,.954,-.163,-.254,.15,.986,-.07,.261,.028,.965);es="Linear";ed="In";};["RHandNb_end"]={cf=cfr(-.822,-5.091,4.065,.986,-.126,-.108,.107,.98,-.169,.128,.155,.98);es="Linear";ed="In";};["RToeN_end"]={cf=cfr(-1.69,2.628,.025,-.867,-.499,-.004,.499,-.866,-.017,.005,-.017,1);es="Linear";ed="In";};["RASabN_end"]={cf=cfr(4.455,-2.203,3.347,.883,-.311,-.352,.328,.945,-.012,.336,-.105,.936);es="Linear";ed="In";};["R2ndNb_end"]={cf=cfr(3.986,-4.485,2.19,.996,.071,-.061,-.047,.941,.336,.081,-.332,.94);es="Linear";ed="In";};["LASabN_end"]={cf=cfr(-.146,-7.492,-.49,-.803,.556,.213,-.387,-.759,.524,.454,.338,.824);es="Linear";ed="In";};["ThrowN"]={cf=cfr(-.282,0,0,1,0,0,0,1,0,0,0,1);es="Linear";ed="In";};["L4thNb_end"]={cf=cfr(-7.999,9.137,2.179,-.812,-.278,.514,-.283,.957,.071,-.511,-.088,-.855);es="Linear";ed="In";};["MouthN_end"]={cf=cfr(-.007,.638,-2.134,.939,.151,-.309,-.187,.978,-.09,.288,.142,.947);es="Linear";ed="In";};};{tm=.128;["BlinkM"]={cf=cfr(0,0,0,1,0,0,0,1,0,0,0,1);es="Linear";ed="In";};["BlinkHalfM_end"]={cf=cfr(0,0,0,1,0,0,0,1,0,0,0,1);es="Linear";ed="In";};["R3rdNb_end"]={cf=cfr(3.984,1.774,3.039,.996,.076,-.04,.073,-.49,.869,.047,-.869,-.493);es="Linear";ed="In";};["EyeYellowM_end"]={cf=cfr(0,0,0,1,0,0,0,1,0,0,0,1);es="Linear";ed="In";};["L3rdNb_end"]={cf=cfr(-7.332,5.698,8.755,-.812,-.277,.514,.124,.779,.615,-.571,.563,-.598);es="Linear";ed="In";};["TopN"]={cf=cfr(0,0,0,1,0,0,0,1,0,0,0,1);es="Linear";ed="In";};["TransN"]={cf=cfr(0,0,0,1,0,0,0,1,0,0,0,1);es="Linear";ed="In";};["XRotN"]={cf=cfr(.282,0,0,1,0,0,0,1,0,0,0,1);es="Linear";ed="In";};["YRotN"]={cf=cfr(0,0,0,1,0,0,0,1,0,0,0,1);es="Linear";ed="In";};["HipN"]={cf=cfr(.31,-.09,.333,.99,-.053,.134,.045,.997,.067,-.137,-.06,.989);es="Linear";ed="In";};["LLegJ"]={cf=cfr(0,0,0,.982,-.016,.187,.028,.998,-.062,-.185,.066,.981);es="Linear";ed="In";};["LKneeJ"]={cf=cfr(0,0,0,.973,.108,.205,-.11,.994,0,-.203,-.023,.979);es="Linear";ed="In";};["LFootJ"]={cf=cfr(-.035,-.016,.006,.936,.107,.335,-.135,.989,.06,-.325,-.101,.94);es="Linear";ed="In";};["LToeN"]={cf=cfr(0,0,0,.998,.009,-.068,-.009,1,.006,.068,-.005,.998);es="Linear";ed="In";};["RLegJ"]={cf=cfr(0,0,0,.472,-.028,-.881,.063,.998,.002,.88,-.057,.472);es="Linear";ed="In";};["RKneeJ"]={cf=cfr(0,0,0,-.409,-.068,.91,-.144,.99,.009,-.901,-.127,-.414);es="Linear";ed="In";};["RFootJ"]={cf=cfr(.018,.003,-.003,.887,.093,-.452,-.101,.995,.006,.45,.04,.892);es="Linear";ed="In";};["RToeN"]={cf=cfr(0,0,0,.998,-.006,-.063,.006,1,0,.063,-.001,.998);es="Linear";ed="In";};["WaistN"]={cf=cfr(0,0,0,.976,.019,-.219,-.038,.996,-.083,.217,.089,.972);es="Linear";ed="In";};["BustN"]={cf=cfr(0,0,0,.983,.038,-.181,-.045,.998,-.034,.18,.041,.983);es="Linear";ed="In";};["RShoulderN"]={cf=cfr(0,0,0,.995,.09,.036,-.089,.995,-.036,-.039,.033,.999);es="Linear";ed="In";};["RShoulderJ"]={cf=cfr(0,0,0,.77,.58,-.266,-.63,.625,-.46,-.1,.522,.847);es="Linear";ed="In";};["RArmJ"]={cf=cfr(0,0,0,.857,-.515,-.003,.515,.857,.002,.002,-.004,1);es="Linear";ed="In";};["RHandN"]={cf=cfr(.003,0,.001,.987,-.003,.159,-.007,.998,.061,-.159,-.061,.985);es="Linear";ed="In";};["RThumbNa"]={cf=cfr(0,0,0,.804,.071,.591,.24,.87,-.431,-.544,.488,.682);es="Linear";ed="In";};["RThumbNb"]={cf=cfr(0,0,0,.864,.295,-.407,-.297,.953,.06,.406,.069,.911);es="Linear";ed="In";};["R2ndNa"]={cf=cfr(0,0,0,1,.011,.01,.004,.45,-.893,-.014,.893,.45);es="Linear";ed="In";};["R2ndNb"]={cf=cfr(0,0,0,1,.001,.001,.001,.33,-.944,-.002,.944,.33);es="Linear";ed="In";};["R1stNa"]={cf=cfr(0,0,0,1,0,-.001,-.001,.55,-.835,0,.835,.55);es="Linear";ed="In";};["R1stNb"]={cf=cfr(0,0,0,1,.001,.001,.001,.331,-.944,-.002,.944,.331);es="Linear";ed="In";};["R3rdNa"]={cf=cfr(0,0,0,1,.005,.005,.003,.342,-.94,-.007,.94,.342);es="Linear";ed="In";};["R3rdNb"]={cf=cfr(0,0,0,1,.001,.001,.001,.33,-.944,-.002,.944,.33);es="Linear";ed="In";};["RHandNb"]={cf=cfr(-.025,.002,-.011,.999,-.04,.014,.04,.999,-.003,-.014,.003,1);es="Linear";ed="In";};["R4thNa"]={cf=cfr(0,0,0,1,-.001,.009,.009,.247,-.969,-.001,.969,.247);es="Linear";ed="In";};["R4thNb"]={cf=cfr(0,0,0,1,.001,.001,.001,.33,-.944,-.002,.944,.33);es="Linear";ed="In";};["RASabN"]={cf=cfr(.108,-.192,0,.992,.007,.124,-.015,.998,.06,-.124,-.062,.99);es="Linear";ed="In";};["RSSabN"]={cf=cfr(0,0,0,.997,0,.075,0,1,0,-.075,0,.997);es="Linear";ed="In";};["NeckN"]={cf=cfr(0,0,0,.879,-.024,-.477,.022,1,-.009,.477,-.003,.879);es="Linear";ed="In";};["HeadN"]={cf=cfr(0,0,0,1,.017,.014,-.018,1,.013,-.014,-.013,1);es="Linear";ed="In";};["ScopeN"]={cf=cfr(0,0,0,1,0,0,0,1,0,0,0,1);es="Linear";ed="In";};["MouthN"]={cf=cfr(0,0,0,.988,0,.155,0,1,0,-.155,0,.988);es="Linear";ed="In";};["LShoulderN"]={cf=cfr(0,0,0,.996,.069,.059,-.075,.992,.101,-.051,-.105,.993);es="Linear";ed="In";};["LShoulderJ"]={cf=cfr(0,0,0,.82,-.48,-.312,.389,.867,-.311,.419,.133,.898);es="Linear";ed="In";};["LArmJ"]={cf=cfr(0,0,0,.134,-.991,.002,.991,.134,0,0,.002,1);es="Linear";ed="In";};["LHandN"]={cf=cfr(-.003,0,-.001,.995,-.022,.097,.019,.999,.039,-.098,-.037,.995);es="Linear";ed="In";};["LThumbNa"]={cf=cfr(0,0,0,.975,.222,.01,-.203,.909,-.363,-.09,.351,.932);es="Linear";ed="In";};["LThumbNb"]={cf=cfr(0,0,0,.982,.19,-.001,-.19,.982,0,.001,0,1);es="Linear";ed="In";};["L3rdNa"]={cf=cfr(0,0,0,1,.002,.001,0,.511,-.86,-.003,.86,.511);es="Linear";ed="In";};["L3rdNb"]={cf=cfr(0,0,0,1,-.001,-.001,0,.442,-.897,.001,.897,.442);es="Linear";ed="In";};["L2ndNa"]={cf=cfr(0,0,0,1,.009,.001,-.004,.513,-.859,-.009,.859,.513);es="Linear";ed="In";};["L2ndNb"]={cf=cfr(0,0,0,1,-.001,-.001,0,.441,-.897,.001,.897,.441);es="Linear";ed="In";};["L1stNa"]={cf=cfr(0,0,0,1,-.003,-.008,-.005,.513,-.858,.006,.858,.513);es="Linear";ed="In";};["L1stNb"]={cf=cfr(0,0,0,1,0,-.001,-.001,.442,-.897,.001,.897,.442);es="Linear";ed="In";};["L4thNa"]={cf=cfr(0,0,0,1,-.004,.006,.007,.509,-.861,.001,.861,.509);es="Linear";ed="In";};["L4thNb"]={cf=cfr(0,0,0,1,0,-.001,-.001,.441,-.897,.001,.897,.441);es="Linear";ed="In";};["LHandNb"]={cf=cfr(.029,-.004,.001,1,-.024,.007,.024,.999,-.027,-.006,.027,1);es="Linear";ed="In";};["LASabN"]={cf=cfr(-.088,.494,0,.894,.294,.337,-.26,.955,-.144,-.365,.041,.93);es="Linear";ed="In";};["LSSabN"]={cf=cfr(0,0,0,.936,0,.351,0,1,-.001,-.351,.001,.936);es="Linear";ed="In";};["BackN"]={cf=cfr(0,0,0,.863,.505,-.032,-.497,.836,-.233,-.091,.217,.972);es="Linear";ed="In";};["ReflectorN"]={cf=cfr(0,0,0,1,0,0,0,1,0,0,0,1);es="Linear";ed="In";};["TailNa"]={cf=cfr(0,-.327,-.144,1,.01,-.005,-.011,.745,-.667,-.003,.667,.745);es="Linear";ed="In";};["TailNb"]={cf=cfr(0,.288,.212,.998,-.048,.048,.013,.827,.561,-.067,-.56,.826);es="Linear";ed="In";};["TailNc"]={cf=cfr(0,0,0,.999,-.003,.048,-.013,.943,.333,-.047,-.333,.942);es="Linear";ed="In";};["LSSabN_end"]={cf=cfr(2.845,-3.316,.749,-.335,.872,-.357,-.665,.049,.745,.667,.487,.563);es="Linear";ed="In";};["FaceM_end"]={cf=cfr(0,0,0,1,0,0,0,1,0,0,0,1);es="Linear";ed="In";};["BlasterM_end"]={cf=cfr(0,0,0,1,0,0,0,1,0,0,0,1);es="Linear";ed="In";};["L2ndNb_end"]={cf=cfr(-6.777,-6.543,9.682,-.814,-.283,.507,.567,-.194,.801,-.128,.939,.318);es="Linear";ed="In";};["RSSabN_end"]={cf=cfr(1.89,1.136,1.979,.387,-.831,-.399,.921,.368,.127,.041,-.417,.908);es="Linear";ed="In";};["FacePattern"]={cf=cfr(0,0,0,1,0,0,0,1,0,0,0,1);es="Linear";ed="In";};["EyeYellowM"]={cf=cfr(0,0,0,1,0,0,0,1,0,0,0,1);es="Linear";ed="In";};["LThumbNb_end"]={cf=cfr(-.517,-10.80,4.12,-.997,-.066,.03,.068,-.706,.705,-.026,.706,.708);es="Linear";ed="In";};["ReflectorN_end"]={cf=cfr(-.839,-1.982,1.214,-.069,-.378,-.923,-.274,.897,-.347,.959,.229,-.166);es="Linear";ed="In";};["RHaveN"]={cf=cfr(-4.642,1.412,-3.981,.881,.465,.088,-.467,.884,.004,-.076,-.045,.996);es="Linear";ed="In";};["ThrowN_end"]={cf=cfr(0,0,0,1,0,0,0,1,0,0,0,1);es="Linear";ed="In";};["BlasterM"]={cf=cfr(0,0,0,1,0,0,0,1,0,0,0,1);es="Linear";ed="In";};["BlinkHalfM"]={cf=cfr(0,0,0,1,0,0,0,1,0,0,0,1);es="Linear";ed="In";};["RThumbNb_end"]={cf=cfr(5.341,-2.699,-.498,.922,-.359,.144,.386,.848,-.362,.008,.389,.921);es="Linear";ed="In";};["R4thNb_end"]={cf=cfr(3.995,2.803,1.583,.996,.075,-.045,.088,-.799,.595,.009,-.597,-.802);es="Linear";ed="In";};["BackN_end"]={cf=cfr(-2.269,-1.85,.86,-.294,-.346,-.891,.102,.915,-.389,.95,-.205,-.234);es="Linear";ed="In";};["OuchM"]={cf=cfr(0,0,0,1,0,0,0,1,0,0,0,1);es="Linear";ed="In";};["BlinkM_end"]={cf=cfr(0,0,0,1,0,0,0,1,0,0,0,1);es="Linear";ed="In";};["OuchM_end"]={cf=cfr(0,0,0,1,0,0,0,1,0,0,0,1);es="Linear";ed="In";};["LHandNb_end"]={cf=cfr(.123,-10.24,-2.883,.528,-.192,-.827,-.323,-.946,.013,-.785,.26,-.562);es="Linear";ed="In";};["L1stNb_end"]={cf=cfr(-6.16,-10.46,5.975,-.816,-.283,.504,.558,-.617,.555,.154,.734,.661);es="Linear";ed="In";};["FitFox00.ao"]={cf=cfr(0,0,0,1,0,0,0,1,0,0,0,1);es="Linear";ed="In";};["RootNode"]={cf=cfr(0,0,0,-1,0,0,0,1,0,0,0,-1);es="Linear";ed="In";};["LToeN_end"]={cf=cfr(3.37,-4.351,.791,-.451,.876,-.17,-.888,-.46,-.018,-.094,.142,.985);es="Linear";ed="In";};["RHaveN_end"]={cf=cfr(0,0,0,1,0,0,0,1,0,0,0,1);es="Linear";ed="In";};["R1stNb_end"]={cf=cfr(3.986,-5.004,1.025,.996,.076,-.042,-.073,.994,.076,.047,-.073,.996);es="Linear";ed="In";};["TailNc_end"]={cf=cfr(4.541,3.37,.228,.649,.199,.735,.524,.584,-.62,-.552,.787,.275);es="Linear";ed="In";};["LHaveN_end"]={cf=cfr(0,0,0,1,0,0,0,1,0,0,0,1);es="Linear";ed="In";};["LHaveN"]={cf=cfr(8.566,-1.711,-6.398,-.826,.304,-.475,.491,.802,-.341,.277,-.514,-.812);es="Linear";ed="In";};["FaceM"]={cf=cfr(0,0,0,1,0,0,0,1,0,0,0,1);es="Linear";ed="In";};["ScopeN_end"]={cf=cfr(-.398,.65,2.535,.954,-.163,-.254,.15,.986,-.07,.261,.028,.965);es="Linear";ed="In";};["RHandNb_end"]={cf=cfr(-.822,-5.091,4.065,.986,-.126,-.108,.107,.98,-.169,.128,.155,.98);es="Linear";ed="In";};["RToeN_end"]={cf=cfr(-1.69,2.628,.025,-.867,-.499,-.004,.499,-.866,-.017,.005,-.017,1);es="Linear";ed="In";};["RASabN_end"]={cf=cfr(4.455,-2.203,3.347,.883,-.311,-.352,.328,.945,-.012,.336,-.105,.936);es="Linear";ed="In";};["R2ndNb_end"]={cf=cfr(3.986,-4.485,2.19,.996,.071,-.061,-.047,.941,.336,.081,-.332,.94);es="Linear";ed="In";};["LASabN_end"]={cf=cfr(-.146,-7.492,-.49,-.803,.556,.213,-.387,-.759,.524,.454,.338,.824);es="Linear";ed="In";};["ThrowN"]={cf=cfr(-.282,0,0,1,0,0,0,1,0,0,0,1);es="Linear";ed="In";};["L4thNb_end"]={cf=cfr(-7.999,9.137,2.179,-.812,-.278,.514,-.283,.957,.071,-.511,-.088,-.855);es="Linear";ed="In";};["MouthN_end"]={cf=cfr(-.007,.638,-2.134,.939,.151,-.309,-.187,.978,-.09,.288,.142,.947);es="Linear";ed="In";};};{tm=.171;["BlinkM"]={cf=cfr(0,0,0,1,0,0,0,1,0,0,0,1);es="Linear";ed="In";};["BlinkHalfM_end"]={cf=cfr(0,0,0,1,0,0,0,1,0,0,0,1);es="Linear";ed="In";};["R3rdNb_end"]={cf=cfr(3.984,1.774,3.039,.996,.076,-.04,.073,-.49,.869,.047,-.869,-.493);es="Linear";ed="In";};["EyeYellowM_end"]={cf=cfr(0,0,0,1,0,0,0,1,0,0,0,1);es="Linear";ed="In";};["L3rdNb_end"]={cf=cfr(-7.332,5.698,8.755,-.812,-.277,.514,.124,.779,.615,-.571,.563,-.598);es="Linear";ed="In";};["TopN"]={cf=cfr(0,0,0,1,0,0,0,1,0,0,0,1);es="Linear";ed="In";};["TransN"]={cf=cfr(0,0,0,1,0,0,0,1,0,0,0,1);es="Linear";ed="In";};["XRotN"]={cf=cfr(.282,0,0,1,0,0,0,1,0,0,0,1);es="Linear";ed="In";};["YRotN"]={cf=cfr(0,0,0,1,0,0,0,1,0,0,0,1);es="Linear";ed="In";};["HipN"]={cf=cfr(.311,-.061,.333,.985,-.042,.169,.031,.997,.068,-.171,-.061,.983);es="Linear";ed="In";};["LLegJ"]={cf=cfr(0,0,0,.973,-.007,.231,.025,.997,-.075,-.229,.079,.97);es="Linear";ed="In";};["LKneeJ"]={cf=cfr(0,0,0,.974,.101,.205,-.103,.995,-.001,-.204,-.02,.979);es="Linear";ed="In";};["LFootJ"]={cf=cfr(-.035,-.016,.006,.934,.098,.345,-.13,.989,.069,-.334,-.109,.936);es="Linear";ed="In";};["LToeN"]={cf=cfr(0,0,0,.998,.008,-.055,-.007,1,.005,.055,-.005,.998);es="Linear";ed="In";};["RLegJ"]={cf=cfr(0,0,0,.455,-.026,-.89,.062,.998,.003,.888,-.056,.456);es="Linear";ed="In";};["RKneeJ"]={cf=cfr(0,0,0,-.436,-.064,.897,-.144,.99,.001,-.888,-.129,-.441);es="Linear";ed="In";};["RFootJ"]={cf=cfr(.017,.003,-.003,.883,.09,-.46,-.095,.995,.012,.459,.033,.888);es="Linear";ed="In";};["RToeN"]={cf=cfr(0,0,0,.999,-.005,-.05,.005,1,0,.05,-.001,.999);es="Linear";ed="In";};["WaistN"]={cf=cfr(0,0,0,.966,-.071,-.247,.051,.995,-.083,.252,.068,.965);es="Linear";ed="In";};["BustN"]={cf=cfr(0,0,0,.977,.038,-.21,-.045,.999,-.029,.209,.038,.977);es="Linear";ed="In";};["RShoulderN"]={cf=cfr(0,0,0,.995,.093,.036,-.092,.995,-.042,-.04,.039,.998);es="Linear";ed="In";};["RShoulderJ"]={cf=cfr(0,0,0,.665,.705,-.245,-.72,.519,-.461,-.198,.483,.853);es="Linear";ed="In";};["RArmJ"]={cf=cfr(0,0,0,.751,-.661,-.004,.661,.751,.002,.002,-.004,1);es="Linear";ed="In";};["RHandN"]={cf=cfr(.003,0,.001,.984,.005,.179,-.019,.997,.074,-.178,-.076,.981);es="Linear";ed="In";};["RThumbNa"]={cf=cfr(0,0,0,.81,.072,.582,.23,.874,-.428,-.54,.48,.692);es="Linear";ed="In";};["RTh