-- // converted using mech's animoduler
local cfr = CFrame.new

return {{tm=0;["BlinkM"]={cf=cfr(0,0,0,1,0,0,0,1,0,0,0,1);es="Linear";ed="In";};["BlinkHalfM_end"]={cf=cfr(0,0,0,1,0,0,0,1,0,0,0,1);es="Linear";ed="In";};["R3rdNb_end"]={cf=cfr(-1.158,1.618,-3.028,.428,.887,.175,.431,-.37,.823,.794,-.277,-.541);es="Linear";ed="In";};["EyeYellowM_end"]={cf=cfr(0,0,0,1,0,0,0,1,0,0,0,1);es="Linear";ed="In";};["L3rdNb_end"]={cf=cfr(2.839,-2.937,8.043,.122,.875,.468,.797,-.367,.479,.591,.315,-.742);es="Linear";ed="In";};["FitFox00.mo"]={cf=cfr(0,0,0,1,0,0,0,1,0,0,0,1);es="Linear";ed="In";};["TopN"]={cf=cfr(0,0,0,1,0,0,0,1,0,0,0,1);es="Linear";ed="In";};["TransN"]={cf=cfr(0,0,0,1,0,0,0,1,0,0,0,1);es="Linear";ed="In";};["XRotN"]={cf=cfr(.282,0,0,1,0,0,0,1,0,0,0,1);es="Linear";ed="In";};["YRotN"]={cf=cfr(0,0,0,1,0,0,0,1,0,0,0,1);es="Linear";ed="In";};["HipN"]={cf=cfr(.314,.241,.799,.611,-.517,.6,.375,.856,.356,-.697,.007,.717);es="Linear";ed="In";};["LLegJ"]={cf=cfr(0,0,0,-.462,.4,-.792,-.081,.87,.487,.883,.289,-.369);es="Linear";ed="In";};["LKneeJ"]={cf=cfr(0,0,0,.868,.119,.483,-.091,.992,-.082,-.489,.027,.872);es="Linear";ed="In";};["LFootJ"]={cf=cfr(-.057,-.016,.008,.965,-.057,.257,.036,.995,.088,-.26,-.076,.963);es="Linear";ed="In";};["LToeN"]={cf=cfr(0,0,0,1,0,-.001,0,1,0,.001,0,1);es="Linear";ed="In";};["RLegJ"]={cf=cfr(0,0,0,.956,-.28,-.086,.292,.898,.33,-.015,-.34,.94);es="Linear";ed="In";};["RKneeJ"]={cf=cfr(0,0,0,.927,-.029,.374,.039,.999,-.019,-.373,.032,.927);es="Linear";ed="In";};["RFootJ"]={cf=cfr(.061,-.011,-.008,.797,-.006,.604,.032,.999,-.032,-.603,.045,.796);es="Linear";ed="In";};["RToeN"]={cf=cfr(0,0,0,1,0,-.002,0,1,0,.002,0,1);es="Linear";ed="In";};["WaistN"]={cf=cfr(0,0,0,.867,.211,.451,-.069,.948,-.312,-.494,.239,.836);es="Linear";ed="In";};["BustN"]={cf=cfr(0,0,0,.903,.2,.38,-.1,.959,-.266,-.418,.203,.886);es="Linear";ed="In";};["RShoulderN"]={cf=cfr(0,0,0,1,0,0,0,1,0,0,0,1);es="Linear";ed="In";};["RShoulderJ"]={cf=cfr(0,0,0,.79,.612,-.032,-.416,.497,-.761,-.45,.615,.648);es="Linear";ed="In";};["RArmJ"]={cf=cfr(0,0,0,.987,-.16,.004,.16,.987,-.009,-.002,.01,1);es="Linear";ed="In";};["RHandN"]={cf=cfr(.008,.001,.001,-.006,-.133,-.991,-.493,.863,-.113,.87,.488,-.071);es="Linear";ed="In";};["RThumbNa"]={cf=cfr(0,0,0,.995,-.056,-.088,.012,.899,-.437,.104,.434,.895);es="Linear";ed="In";};["RThumbNb"]={cf=cfr(0,0,0,.818,.572,-.057,-.56,.816,.146,.13,-.087,.988);es="Linear";ed="In";};["R2ndNa"]={cf=cfr(0,0,0,1,0,0,0,1,-.007,0,.007,1);es="Linear";ed="In";};["R2ndNb"]={cf=cfr(0,0,0,1,0,0,0,.609,-.793,0,.793,.609);es="Linear";ed="In";};["R1stNa"]={cf=cfr(0,0,0,.991,-.123,-.054,.104,.957,-.272,.086,.264,.961);es="Linear";ed="In";};["R1stNb"]={cf=cfr(0,0,0,1,0,0,0,.774,-.633,0,.633,.774);es="Linear";ed="In";};["R3rdNa"]={cf=cfr(0,0,0,.991,.124,.044,-.118,.986,-.12,-.058,.113,.992);es="Linear";ed="In";};["R3rdNb"]={cf=cfr(0,0,0,1,0,0,0,.343,-.939,0,.939,.343);es="Linear";ed="In";};["RHandNb"]={cf=cfr(.013,.009,.03,.99,-.137,.018,.123,.935,.333,-.062,-.327,.943);es="Linear";ed="In";};["R4thNa"]={cf=cfr(0,0,0,.979,.186,.084,-.172,.972,-.158,-.111,.14,.984);es="Linear";ed="In";};["R4thNb"]={cf=cfr(0,0,0,1,0,0,0,.093,-.996,0,.996,.093);es="Linear";ed="In";};["RASabN"]={cf=cfr(.044,-.05,-.002,.961,.022,-.274,-.02,1,.01,.274,-.004,.962);es="Linear";ed="In";};["RSSabN"]={cf=cfr(0,0,0,.963,0,-.269,0,1,-.003,.269,.003,.963);es="Linear";ed="In";};["NeckN"]={cf=cfr(0,0,0,.169,-.016,-.985,.014,1,-.013,.986,-.012,.169);es="Linear";ed="In";};["HeadN"]={cf=cfr(0,0,0,1,0,0,0,1,0,0,0,1);es="Linear";ed="In";};["ScopeN"]={cf=cfr(0,0,0,1,0,0,0,1,0,0,0,1);es="Linear";ed="In";};["MouthN"]={cf=cfr(0,0,0,.978,0,.207,0,1,0,-.207,0,.978);es="Linear";ed="In";};["LShoulderN"]={cf=cfr(0,0,0,1,-.001,0,.001,1,0,0,0,1);es="Linear";ed="In";};["LShoulderJ"]={cf=cfr(0,0,0,.894,.441,.075,-.151,.455,-.877,-.421,.773,.474);es="Linear";ed="In";};["LArmJ"]={cf=cfr(0,0,0,.995,.095,0,-.095,.995,0,0,0,1);es="Linear";ed="In";};["LHandN"]={cf=cfr(-.009,-.001,-.002,-.214,-.035,-.976,-.248,.969,.02,.945,.246,-.216);es="Linear";ed="In";};["LThumbNa"]={cf=cfr(0,0,0,.995,-.056,-.088,.012,.899,-.437,.104,.434,.895);es="Linear";ed="In";};["LThumbNb"]={cf=cfr(0,0,0,.818,.572,-.057,-.56,.816,.146,.13,-.087,.988);es="Linear";ed="In";};["L3rdNa"]={cf=cfr(0,0,0,.991,.124,.044,-.118,.986,-.12,-.058,.113,.992);es="Linear";ed="In";};["L3rdNb"]={cf=cfr(0,0,0,1,0,0,0,.343,-.939,0,.939,.343);es="Linear";ed="In";};["L2ndNa"]={cf=cfr(0,0,0,1,0,0,0,1,-.007,0,.007,1);es="Linear";ed="In";};["L2ndNb"]={cf=cfr(0,0,0,1,0,0,0,.609,-.793,0,.793,.609);es="Linear";ed="In";};["L1stNa"]={cf=cfr(0,0,0,.991,-.123,-.054,.104,.957,-.272,.086,.264,.961);es="Linear";ed="In";};["L1stNb"]={cf=cfr(0,0,0,1,0,0,0,.774,-.633,0,.633,.774);es="Linear";ed="In";};["LHandNb"]={cf=cfr(-.018,-.001,-.002,.981,-.19,.03,.189,.982,.025,-.034,-.019,.999);es="Linear";ed="In";};["L4thNa"]={cf=cfr(0,0,0,.979,.186,.084,-.172,.972,-.158,-.111,.14,.984);es="Linear";ed="In";};["L4thNb"]={cf=cfr(0,0,0,1,0,0,0,.093,-.996,0,.996,.093);es="Linear";ed="In";};["LASabN"]={cf=cfr(.03,-.026,0,.945,-.016,-.328,.016,1,-.001,.328,-.004,.945);es="Linear";ed="In";};["LSSabN"]={cf=cfr(0,0,0,.944,-.001,-.329,-.001,1,-.004,.329,.004,.944);es="Linear";ed="In";};["BackN"]={cf=cfr(0,0,0,1,0,0,0,1,0,0,0,1);es="Linear";ed="In";};["ReflectorN"]={cf=cfr(0,0,0,1,0,0,0,1,0,0,0,1);es="Linear";ed="In";};["TailNa"]={cf=cfr(0,0,0,.864,.504,.003,-.394,.679,-.619,-.314,.533,.785);es="Linear";ed="In";};["TailNb"]={cf=cfr(0,0,0,1,0,0,0,.956,-.293,0,.293,.956);es="Linear";ed="In";};["TailNc"]={cf=cfr(0,0,0,1,0,0,0,.972,-.236,0,.236,.972);es="Linear";ed="In";};["LSSabN_end"]={cf=cfr(2.267,-.574,-2.05,.752,.258,-.607,-.017,.927,.374,.659,-.271,.702);es="Linear";ed="In";};["FaceM_end"]={cf=cfr(0,0,0,1,0,0,0,1,0,0,0,1);es="Linear";ed="In";};["BlasterM_end"]={cf=cfr(0,0,0,1,0,0,0,1,0,0,0,1);es="Linear";ed="In";};["L2ndNb_end"]={cf=cfr(3.18,-9.095,1.49,.108,.88,.463,-.177,-.442,.88,.978,-.177,.108);es="Linear";ed="In";};["RThumbNb_end"]={cf=cfr(-.682,-2.793,3.437,.758,.598,.26,-.569,.802,-.184,-.319,-.008,.948);es="Linear";ed="In";};["FacePattern"]={cf=cfr(0,0,0,1,0,0,0,1,0,0,0,1);es="Linear";ed="In";};["EyeYellowM"]={cf=cfr(0,0,0,1,0,0,0,1,0,0,0,1);es="Linear";ed="In";};["LThumbNb_end"]={cf=cfr(6.44,-4.478,-2.593,.25,.968,-.025,-.529,.158,.834,.811,-.195,.551);es="Linear";ed="In";};["ReflectorN_end"]={cf=cfr(.593,-2.703,.268,.737,-.196,-.647,.007,.959,-.282,.676,.204,.709);es="Linear";ed="In";};["RHaveN"]={cf=cfr(-1.053,-3.689,1.624,.461,.363,.81,-.017,.916,-.4,-.887,.171,.428);es="Linear";ed="In";};["ThrowN_end"]={cf=cfr(0,0,0,1,0,0,0,1,0,0,0,1);es="Linear";ed="In";};["BlasterM"]={cf=cfr(0,0,0,1,0,0,0,1,0,0,0,1);es="Linear";ed="In";};["BlinkHalfM"]={cf=cfr(0,0,0,1,0,0,0,1,0,0,0,1);es="Linear";ed="In";};["R4thNb_end"]={cf=cfr(-.879,.003,-4.033,.429,.887,.17,.715,-.448,.537,.553,-.109,-.826);es="Linear";ed="In";};["RSSabN_end"]={cf=cfr(.007,1.165,3.139,.87,.236,-.433,-.068,.927,.369,.488,-.291,.823);es="Linear";ed="In";};["BackN_end"]={cf=cfr(.346,-2.055,-.119,.737,-.577,-.352,.36,.776,-.518,.572,.255,.78);es="Linear";ed="In";};["OuchM"]={cf=cfr(0,0,0,1,0,0,0,1,0,0,0,1);es="Linear";ed="In";};["BlinkM_end"]={cf=cfr(0,0,0,1,0,0,0,1,0,0,0,1);es="Linear";ed="In";};["OuchM_end"]={cf=cfr(0,0,0,1,0,0,0,1,0,0,0,1);es="Linear";ed="In";};["LHandNb_end"]={cf=cfr(4.033,-4.971,1.352,.495,.632,-.596,-.825,.127,-.551,-.272,.764,.584);es="Linear";ed="In";};["FitFox00.ao"]={cf=cfr(0,0,0,1,0,0,0,1,0,0,0,1);es="Linear";ed="In";};["RootNode"]={cf=cfr(0,0,0,-1,0,0,0,1,0,0,0,-1);es="Linear";ed="In";};["LToeN_end"]={cf=cfr(3.423,-1.579,.427,.416,.902,-.116,-.9,.39,-.197,-.132,.187,.974);es="Linear";ed="In";};["TailNc_end"]={cf=cfr(1.26,1.512,1.673,.816,-.054,.576,.578,.125,-.807,-.028,.991,.133);es="Linear";ed="In";};["RHaveN_end"]={cf=cfr(0,0,0,1,0,0,0,1,0,0,0,1);es="Linear";ed="In";};["R1stNb_end"]={cf=cfr(-1.506,.178,3.391,.428,.887,.173,-.898,.396,.189,.099,-.237,.967);es="Linear";ed="In";};["LHaveN_end"]={cf=cfr(0,0,0,1,0,0,0,1,0,0,0,1);es="Linear";ed="In";};["LHaveN"]={cf=cfr(5.47,4.212,1.71,-.158,.508,.847,-.455,.723,-.519,-.876,-.468,.117);es="Linear";ed="In";};["FaceM"]={cf=cfr(0,0,0,1,0,0,0,1,0,0,0,1);es="Linear";ed="In";};["ScopeN_end"]={cf=cfr(-.899,.782,3.539,.993,.01,-.116,-.009,1,.015,.116,-.014,.993);es="Linear";ed="In";};["L1stNb_end"]={cf=cfr(3.405,-8.5,-2.442,.096,.882,.462,-.613,-.313,.725,.784,-.353,.511);es="Linear";ed="In";};["RHandNb_end"]={cf=cfr(-3.813,-1.193,1.573,.972,.227,.066,-.078,.573,-.816,-.223,.788,.574);es="Linear";ed="In";};["RToeN_end"]={cf=cfr(-.159,2.827,.62,-.15,-.988,-.035,.976,-.142,-.163,.156,-.059,.986);es="Linear";ed="In";};["RASabN_end"]={cf=cfr(.072,-.416,4.402,.737,.585,-.339,-.59,.801,.101,.331,.126,.935);es="Linear";ed="In";};["R2ndNb_end"]={cf=cfr(-1.457,1.394,2.919,.431,.889,.155,-.834,.327,.445,.345,-.321,.882);es="Linear";ed="In";};["LASabN_end"]={cf=cfr(2.311,-2.542,-2.694,.516,.83,-.211,-.589,.522,.617,.622,-.194,.758);es="Linear";ed="In";};["ThrowN"]={cf=cfr(-.282,0,0,1,0,0,0,1,0,0,0,1);es="Linear";ed="In";};["L4thNb_end"]={cf=cfr(2.53,2.576,7.46,.132,.878,.46,.989,-.089,-.114,-.059,.47,-.881);es="Linear";ed="In";};["MouthN_end"]={cf=cfr(.22,1.267,-3.257,.988,-.011,-.157,-.002,.997,-.082,.157,.081,.984);es="Linear";ed="In";};};{tm=.042;["BlinkM"]={cf=cfr(0,0,0,1,0,0,0,1,0,0,0,1);es="Linear";ed="In";};["BlinkHalfM_end"]={cf=cfr(0,0,0,1,0,0,0,1,0,0,0,1);es="Linear";ed="In";};["R3rdNb_end"]={cf=cfr(-1.158,1.618,-3.028,.428,.887,.175,.431,-.37,.823,.794,-.277,-.541);es="Linear";ed="In";};["EyeYellowM_end"]={cf=cfr(0,0,0,1,0,0,0,1,0,0,0,1);es="Linear";ed="In";};["L3rdNb_end"]={cf=cfr(2.839,-2.937,8.043,.122,.875,.468,.797,-.367,.479,.591,.315,-.742);es="Linear";ed="In";};["FitFox00.mo"]={cf=cfr(0,0,0,1,0,0,0,1,0,0,0,1);es="Linear";ed="In";};["TopN"]={cf=cfr(0,0,0,1,0,0,0,1,0,0,0,1);es="Linear";ed="In";};["TransN"]={cf=cfr(-1.9,0,0,1,0,0,0,1,0,0,0,1);es="Linear";ed="In";};["XRotN"]={cf=cfr(.282,0,0,1,0,0,0,1,0,0,0,1);es="Linear";ed="In";};["YRotN"]={cf=cfr(0,0,0,1,0,0,0,1,0,0,0,1);es="Linear";ed="In";};["HipN"]={cf=cfr(.296,.213,.997,.623,-.502,.6,.356,.865,.355,-.697,-.008,.717);es="Linear";ed="In";};["LLegJ"]={cf=cfr(0,0,0,-.18,.311,-.933,-.153,.928,.339,.972,.204,-.12);es="Linear";ed="In";};["LKneeJ"]={cf=cfr(0,0,0,.978,.088,.187,-.087,.996,-.012,-.187,-.005,.982);es="Linear";ed="In";};["LFootJ"]={cf=cfr(-.057,-.016,.008,.859,.045,.51,-.072,.997,.034,-.507,-.066,.86);es="Linear";ed="In";};["LToeN"]={cf=cfr(0,0,0,1,0,-.001,0,1,0,.001,0,1);es="Linear";ed="In";};["RLegJ"]={cf=cfr(0,0,0,.933,-.305,-.189,.347,.901,.26,.091,-.309,.947);es="Linear";ed="In";};["RKneeJ"]={cf=cfr(0,0,0,.586,-.01,.81,.021,1,-.002,-.81,.018,.586);es="Linear";ed="In";};["RFootJ"]={cf=cfr(.061,-.011,-.008,.886,.041,.461,.004,.995,-.097,-.463,.088,.882);es="Linear";ed="In";};["RToeN"]={cf=cfr(0,0,0,1,0,-.002,0,1,0,.002,0,1);es="Linear";ed="In";};["WaistN"]={cf=cfr(0,0,0,.87,.199,.45,-.055,.948,-.313,-.489,.248,.836);es="Linear";ed="In";};["BustN"]={cf=cfr(0,0,0,.905,.189,.381,-.092,.962,-.258,-.416,.199,.888);es="Linear";ed="In";};["RShoulderN"]={cf=cfr(0,0,0,1,0,0,0,1,0,0,0,1);es="Linear";ed="In";};["RShoulderJ"]={cf=cfr(0,0,0,.778,.628,-.019,-.423,.501,-.755,-.465,.595,.655);es="Linear";ed="In";};["RArmJ"]={cf=cfr(0,0,0,1,.03,.004,-.03,1,-.009,-.004,.009,1);es="Linear";ed="In";};["RHandN"]={cf=cfr(.008,.001,.001,-.007,.025,-1,-.494,.869,.026,.869,.494,.006);es="Linear";ed="In";};["RThumbNa"]={cf=cfr(0,0,0,.995,-.056,-.088,.012,.899,-.437,.104,.434,.895);es="Linear";ed="In";};["RThumbNb"]={cf=cfr(0,0,0,.818,.572,-.057,-.56,.816,.146,.13,-.087,.988);es="Linear";ed="In";};["R2ndNa"]={cf=cfr(0,0,0,1,0,0,0,1,-.007,0,.007,1);es="Linear";ed="In";};["R2ndNb"]={cf=cfr(0,0,0,1,0,0,0,.609,-.793,0,.793,.609);es="Linear";ed="In";};["R1stNa"]={cf=cfr(0,0,0,.991,-.123,-.054,.104,.957,-.272,.086,.264,.961);es="Linear";ed="In";};["R1stNb"]={cf=cfr(0,0,0,1,0,0,0,.774,-.633,0,.633,.774);es="Linear";ed="In";};["R3rdNa"]={cf=cfr(0,0,0,.991,.124,.044,-.118,.986,-.12,-.058,.113,.992);es="Linear";ed="In";};["R3rdNb"]={cf=cfr(0,0,0,1,0,0,0,.343,-.939,0,.939,.343);es="Linear";ed="In";};["RHandNb"]={cf=cfr(.013,.009,.03,.962,-.271,.023,.251,.918,.308,-.104,-.291,.951);es="Linear";ed="In";};["R4thNa"]={cf=cfr(0,0,0,.979,.186,.084,-.172,.972,-.158,-.111,.14,.984);es="Linear";ed="In";};["R4thNb"]={cf=cfr(0,0,0,1,0,0,0,.093,-.996,0,.996,.093);es="Linear";ed="In";};["RASabN"]={cf=cfr(.02,-.038,-.002,.956,-.053,-.29,.052,.999,-.011,.29,-.005,.957);es="Linear";ed="In";};["RSSabN"]={cf=cfr(0,0,0,.957,0,-.29,0,1,-.003,.29,.003,.957);es="Linear";ed="In";};["NeckN"]={cf=cfr(0,0,0,.273,-.016,-.962,.016,1,-.012,.962,-.012,.273);es="Linear";ed="In";};["HeadN"]={cf=cfr(0,0,0,1,0,0,0,1,0,0,0,1);es="Linear";ed="In";};["ScopeN"]={cf=cfr(0,0,0,1,0,0,0,1,0,0,0,1);es="Linear";ed="In";};["MouthN"]={cf=cfr(0,0,0,.982,0,.19,0,1,0,-.19,0,.982);es="Linear";ed="In";};["LShoulderN"]={cf=cfr(0,0,0,1,-.001,0,.001,1,0,0,0,1);es="Linear";ed="In";};["LShoulderJ"]={cf=cfr(0,0,0,.885,.458,.084,-.159,.466,-.87,-.438,.757,.485);es="Linear";ed="In";};["LArmJ"]={cf=cfr(0,0,0,.99,.14,0,-.14,.99,-.008,-.001,.007,1);es="Linear";ed="In";};["LHandN"]={cf=cfr(-.009,-.001,-.002,-.214,.123,-.969,-.248,.953,.175,.945,.277,-.173);es="Linear";ed="In";};["LThumbNa"]={cf=cfr(0,0,0,.995,-.056,-.088,.012,.899,-.437,.104,.434,.895);es="Linear";ed="In";};["LThumbNb"]={cf=cfr(0,0,0,.818,.572,-.057,-.56,.816,.146,.13,-.087,.988);es="Linear";ed="In";};["L3rdNa"]={cf=cfr(0,0,0,.991,.124,.044,-.118,.986,-.12,-.058,.113,.992);es="Linear";ed="In";};["L3rdNb"]={cf=cfr(0,0,0,1,0,0,0,.343,-.939,0,.939,.343);es="Linear";ed="In";};["L2ndNa"]={cf=cfr(0,0,0,1,0,0,0,1,-.007,0,.007,1);es="Linear";ed="In";};["L2ndNb"]={cf=cfr(0,0,0,1,0,0,0,.609,-.793,0,.793,.609);es="Linear";ed="In";};["L1stNa"]={cf=cfr(0,0,0,.991,-.123,-.054,.104,.957,-.272,.086,.264,.961);es="Linear";ed="In";};["L1stNb"]={cf=cfr(0,0,0,1,0,0,0,.774,-.633,0,.633,.774);es="Linear";ed="In";};["LHandNb"]={cf=cfr(-.018,-.001,-.002,.941,-.334,.058,.334,.943,.001,-.055,.018,.998);es="Linear";ed="In";};["L4thNa"]={cf=cfr(0,0,0,.979,.186,.084,-.172,.972,-.158,-.111,.14,.984);es="Linear";ed="In";};["L4thNb"]={cf=cfr(0,0,0,1,0,0,0,.093,-.996,0,.996,.093);es="Linear";ed="In";};["LASabN"]={cf=cfr(.032,-.026,0,.939,-.032,-.344,.032,.999,-.005,.344,-.007,.939);es="Linear";ed="In";};["LSSabN"]={cf=cfr(0,0,0,.938,-.001,-.345,-.001,1,-.004,.345,.004,.938);es="Linear";ed="In";};["BackN"]={cf=cfr(0,0,0,1,0,0,0,1,0,0,0,1);es="Linear";ed="In";};["ReflectorN"]={cf=cfr(0,0,0,1,0,0,0,1,0,0,0,1);es="Linear";ed="In";};["TailNa"]={cf=cfr(0,0,0,.877,.481,-.001,-.374,.681,-.63,-.302,.553,.777);es="Linear";ed="In";};["TailNb"]={cf=cfr(0,0,0,1,0,0,0,1,-.03,0,.03,1);es="Linear";ed="In";};["TailNc"]={cf=cfr(0,0,0,1,0,0,0,.884,-.468,0,.468,.884);es="Linear";ed="In";};["LSSabN_end"]={cf=cfr(2.267,-.574,-2.05,.752,.258,-.607,-.017,.927,.374,.659,-.271,.702);es="Linear";ed="In";};["FaceM_end"]={cf=cfr(0,0,0,1,0,0,0,1,0,0,0,1);es="Linear";ed="In";};["BlasterM_end"]={cf=cfr(0,0,0,1,0,0,0,1,0,0,0,1);es="Linear";ed="In";};["L2ndNb_end"]={cf=cfr(3.18,-9.095,1.49,.108,.88,.463,-.177,-.442,.88,.978,-.177,.108);es="Linear";ed="In";};["RThumbNb_end"]={cf=cfr(-.682,-2.793,3.437,.758,.598,.26,-.569,.802,-.184,-.319,-.008,.948);es="Linear";ed="In";};["FacePattern"]={cf=cfr(0,0,0,1,0,0,0,1,0,0,0,1);es="Linear";ed="In";};["EyeYellowM"]={cf=cfr(0,0,0,1,0,0,0,1,0,0,0,1);es="Linear";ed="In";};["LThumbNb_end"]={cf=cfr(6.44,-4.478,-2.593,.25,.968,-.025,-.529,.158,.834,.811,-.195,.551);es="Linear";ed="In";};["ReflectorN_end"]={cf=cfr(.593,-2.703,.268,.737,-.196,-.647,.007,.959,-.282,.676,.204,.709);es="Linear";ed="In";};["RHaveN"]={cf=cfr(-1.053,-3.689,1.624,.461,.363,.81,-.017,.916,-.4,-.887,.171,.428);es="Linear";ed="In";};["ThrowN_end"]={cf=cfr(0,0,0,1,0,0,0,1,0,0,0,1);es="Linear";ed="In";};["BlasterM"]={cf=cfr(0,0,0,1,0,0,0,1,0,0,0,1);es="Linear";ed="In";};["BlinkHalfM"]={cf=cfr(0,0,0,1,0,0,0,1,0,0,0,1);es="Linear";ed="In";};["R4thNb_end"]={cf=cfr(-.879,.003,-4.033,.429,.887,.17,.715,-.448,.537,.553,-.109,-.826);es="Linear";ed="In";};["RSSabN_end"]={cf=cfr(.007,1.165,3.139,.87,.236,-.433,-.068,.927,.369,.488,-.291,.823);es="Linear";ed="In";};["BackN_end"]={cf=cfr(.346,-2.055,-.119,.737,-.577,-.352,.36,.776,-.518,.572,.255,.78);es="Linear";ed="In";};["OuchM"]={cf=cfr(0,0,0,1,0,0,0,1,0,0,0,1);es="Linear";ed="In";};["BlinkM_end"]={cf=cfr(0,0,0,1,0,0,0,1,0,0,0,1);es="Linear";ed="In";};["OuchM_end"]={cf=cfr(0,0,0,1,0,0,0,1,0,0,0,1);es="Linear";ed="In";};["LHandNb_end"]={cf=cfr(4.033,-4.971,1.352,.495,.632,-.596,-.825,.127,-.551,-.272,.764,.584);es="Linear";ed="In";};["FitFox00.ao"]={cf=cfr(0,0,0,1,0,0,0,1,0,0,0,1);es="Linear";ed="In";};["RootNode"]={cf=cfr(0,0,0,-1,0,0,0,1,0,0,0,-1);es="Linear";ed="In";};["LToeN_end"]={cf=cfr(3.423,-1.579,.427,.416,.902,-.116,-.9,.39,-.197,-.132,.187,.974);es="Linear";ed="In";};["TailNc_end"]={cf=cfr(1.26,1.512,1.673,.816,-.054,.576,.578,.125,-.807,-.028,.991,.133);es="Linear";ed="In";};["RHaveN_end"]={cf=cfr(0,0,0,1,0,0,0,1,0,0,0,1);es="Linear";ed="In";};["R1stNb_end"]={cf=cfr(-1.506,.178,3.391,.428,.887,.173,-.898,.396,.189,.099,-.237,.967);es="Linear";ed="In";};["LHaveN_end"]={cf=cfr(0,0,0,1,0,0,0,1,0,0,0,1);es="Linear";ed="In";};["LHaveN"]={cf=cfr(5.47,4.212,1.71,-.158,.508,.847,-.455,.723,-.519,-.876,-.468,.117);es="Linear";ed="In";};["FaceM"]={cf=cfr(0,0,0,1,0,0,0,1,0,0,0,1);es="Linear";ed="In";};["ScopeN_end"]={cf=cfr(-.899,.782,3.539,.993,.01,-.116,-.009,1,.015,.116,-.014,.993);es="Linear";ed="In";};["L1stNb_end"]={cf=cfr(3.405,-8.5,-2.442,.096,.882,.462,-.613,-.313,.725,.784,-.353,.511);es="Linear";ed="In";};["RHandNb_end"]={cf=cfr(-3.813,-1.193,1.573,.972,.227,.066,-.078,.573,-.816,-.223,.788,.574);es="Linear";ed="In";};["RToeN_end"]={cf=cfr(-.159,2.827,.62,-.15,-.988,-.035,.976,-.142,-.163,.156,-.059,.986);es="Linear";ed="In";};["RASabN_end"]={cf=cfr(.072,-.416,4.402,.737,.585,-.339,-.59,.801,.101,.331,.126,.935);es="Linear";ed="In";};["R2ndNb_end"]={cf=cfr(-1.457,1.394,2.919,.431,.889,.155,-.834,.327,.445,.345,-.321,.882);es="Linear";ed="In";};["LASabN_end"]={cf=cfr(2.311,-2.542,-2.694,.516,.83,-.211,-.589,.522,.617,.622,-.194,.758);es="Linear";ed="In";};["ThrowN"]={cf=cfr(-.282,0,0,1,0,0,0,1,0,0,0,1);es="Linear";ed="In";};["L4thNb_end"]={cf=cfr(2.53,2.576,7.46,.132,.878,.46,.989,-.089,-.114,-.059,.47,-.881);es="Linear";ed="In";};["MouthN_end"]={cf=cfr(.22,1.267,-3.257,.988,-.011,-.157,-.002,.997,-.082,.157,.081,.984);es="Linear";ed="In";};};{tm=.083;["BlinkM"]={cf=cfr(0,0,0,1,0,0,0,1,0,0,0,1);es="Linear";ed="In";};["BlinkHalfM_end"]={cf=cfr(0,0,0,1,0,0,0,1,0,0,0,1);es="Linear";ed="In";};["R3rdNb_end"]={cf=cfr(-1.158,1.618,-3.028,.428,.887,.175,.431,-.37,.823,.794,-.277,-.541);es="Linear";ed="In";};["EyeYellowM_end"]={cf=cfr(0,0,0,1,0,0,0,1,0,0,0,1);es="Linear";ed="In";};["L3rdNb_end"]={cf=cfr(2.839,-2.937,8.043,.122,.875,.468,.797,-.367,.479,.591,.315,-.742);es="Linear";ed="In";};["FitFox00.mo"]={cf=cfr(0,0,0,1,0,0,0,1,0,0,0,1);es="Linear";ed="In";};["TopN"]={cf=cfr(0,0,0,1,0,0,0,1,0,0,0,1);es="Linear";ed="In";};["TransN"]={cf=cfr(-3.799,0,0,1,0,0,0,1,0,0,0,1);es="Linear";ed="In";};["XRotN"]={cf=cfr(.282,0,0,1,0,0,0,1,0,0,0,1);es="Linear";ed="In";};["YRotN"]={cf=cfr(0,0,0,1,0,0,0,1,0,0,0,1);es="Linear";ed="In";};["HipN"]={cf=cfr(.279,.184,1.617,.651,-.434,.623,.313,.901,.3,-.692,0,.722);es="Linear";ed="In";};["LLegJ"]={cf=cfr(0,0,0,.011,.219,-.976,-.216,.953,.212,.976,.208,.057);es="Linear";ed="In";};["LKneeJ"]={cf=cfr(0,0,0,.996,.057,-.066,-.056,.998,.008,.066,-.005,.998);es="Linear";ed="In";};["LFootJ"]={cf=cfr(-.057,-.016,.008,.665,.063,.744,-.114,.993,.018,-.738,-.097,.668);es="Linear";ed="In";};["LToeN"]={cf=cfr(0,0,0,1,0,-.001,0,1,0,.001,0,1);es="Linear";ed="In";};["RLegJ"]={cf=cfr(0,0,0,.943,-.33,-.051,.332,.915,.228,-.029,-.232,.972);es="Linear";ed="In";};["RKneeJ"]={cf=cfr(0,0,0,.311,.028,.95,-.005,1,-.028,-.951,.004,.311);es="Linear";ed="In";};["RFootJ"]={cf=cfr(.061,-.011,-.008,.95,.025,.311,.009,.994,-.106,-.312,.103,.944);es="Linear";ed="In";};["RToeN"]={cf=cfr(0,0,0,1,0,-.002,0,1,0,.002,0,1);es="Linear";ed="In";};["WaistN"]={cf=cfr(0,0,0,.881,.175,.44,-.057,.962,-.268,-.471,.211,.857);es="Linear";ed="In";};["BustN"]={cf=cfr(0,0,0,.913,.156,.376,-.078,.974,-.213,-.399,.165,.902);es="Linear";ed="In";};["RShoulderN"]={cf=cfr(0,0,0,1,0,0,0,1,-.003,0,.003,1);es="Linear";ed="In";};["RShoulderJ"]={cf=cfr(0,0,0,.764,.645,-.005,-.43,.503,-.75,-.482,.575,.661);es="Linear";ed="In";};["RArmJ"]={cf=cfr(0,0,0,.99,.141,.004,-.141,.99,-.011,-.005,.01,1);es="Linear";ed="In";};["RHandN"]={cf=cfr(.008,.001,.001,-.008,.118,-.993,-.496,.862,.107,.868,.493,.052);es="Linear";ed="In";};["RThumbNa"]={cf=cfr(0,0,0,.995,-.056,-.088,.012,.899,-.437,.104,.434,.895);es="Linear";ed="In";};["RThumbNb"]={cf=cfr(0,0,0,.818,.572,-.057,-.56,.816,.146,.13,-.087,.988);es="Linear";ed="In";};["R2ndNa"]={cf=cfr(0,0,0,1,0,0,0,1,-.007,0,.007,1);es="Linear";ed="In";};["R2ndNb"]={cf=cfr(0,0,0,1,0,0,0,.609,-.793,0,.793,.609);es="Linear";ed="In";};["R1stNa"]={cf=cfr(0,0,0,.991,-.123,-.054,.104,.957,-.272,.086,.264,.961);es="Linear";ed="In";};["R1stNb"]={cf=cfr(0,0,0,1,0,0,0,.774,-.633,0,.633,.774);es="Linear";ed="In";};["R3rdNa"]={cf=cfr(0,0,0,.991,.124,.044,-.118,.986,-.12,-.058,.113,.992);es="Linear";ed="In";};["R3rdNb"]={cf=cfr(0,0,0,1,0,0,0,.343,-.939,0,.939,.343);es="Linear";ed="In";};["RHandNb"]={cf=cfr(.013,.009,.03,.937,-.349,.021,.328,.897,.296,-.123,-.27,.955);es="Linear";ed="In";};["R4thNa"]={cf=cfr(0,0,0,.979,.186,.084,-.172,.972,-.158,-.111,.14,.984);es="Linear";ed="In";};["R4thNb"]={cf=cfr(0,0,0,1,0,0,0,.093,-.996,0,.996,.093);es="Linear";ed="In";};["RASabN"]={cf=cfr(-.004,-.026,-.002,.947,-.096,-.307,.094,.995,-.024,.308,-.006,.951);es="Linear";ed="In";};["RSSabN"]={cf=cfr(0,0,0,.951,0,-.31,0,1,-.003,.31,.003,.951);es="Linear";ed="In";};["NeckN"]={cf=cfr(0,0,0,.337,-.016,-.941,.016,1,-.011,.941,-.012,.337);es="Linear";ed="In";};["HeadN"]={cf=cfr(0,0,0,1,0,0,0,1,0,0,0,1);es="Linear";ed="In";};["ScopeN"]={cf=cfr(0,0,0,1,0,0,0,1,0,0,0,1);es="Linear";ed="In";};["MouthN"]={cf=cfr(0,0,0,.985,0,.173,0,1,0,-.173,0,.985);es="Linear";ed="In";};["LShoulderN"]={cf=cfr(0,0,0,1,-.001,0,.001,1,-.003,0,.003,1);es="Linear";ed="In";};["LShoulderJ"]={cf=cfr(0,0,0,.874,.477,.094,-.166,.475,-.864,-.457,.74,.494);es="Linear";ed="In";};["LArmJ"]={cf=cfr(0,0,0,.986,.169,0,-.169,.986,-.013,-.002,.013,1);es="Linear";ed="In";};["LHandN"]={cf=cfr(-.009,-.001,-.002,-.214,.212,-.954,-.247,.933,.263,.945,.292,-.147);es="Linear";ed="In";};["LThumbNa"]={cf=cfr(0,0,0,.995,-.056,-.088,.012,.899,-.437,.104,.434,.895);es="Linear";ed="In";};["LThumbNb"]={cf=cfr(0,0,0,.818,.572,-.057,-.56,.816,.146,.13,-.087,.988);es="Linear";ed="In";};["L3rdNa"]={cf=cfr(0,0,0,.991,.124,.044,-.118,.986,-.12,-.058,.113,.992);es="Linear";ed="In";};["L3rdNb"]={cf=cfr(0,0,0,1,0,0,0,.343,-.939,0,.939,.343);es="Linear";ed="In";};["L2ndNa"]={cf=cfr(0,0,0,1,0,0,0,1,-.007,0,.007,1);es="Linear";ed="In";};["L2ndNb"]={cf=cfr(0,0,0,1,0,0,0,.609,-.793,0,.793,.609);es="Linear";ed="In";};["L1stNa"]={cf=cfr(0,0,0,.991,-.123,-.054,.104,.957,-.272,.086,.264,.961);es="Linear";ed="In";};["L1stNb"]={cf=cfr(0,0,0,1,0,0,0,.774,-.633,0,.633,.774);es="Linear";ed="In";};["LHandNb"]={cf=cfr(-.018,-.001,-.002,.906,-.416,.073,.418,.908,-.01,-.062,.039,.997);es="Linear";ed="In";};["L4thNa"]={cf=cfr(0,0,0,.979,.186,.084,-.172,.972,-.158,-.111,.14,.984);es="Linear";ed="In";};["L4thNb"]={cf=cfr(0,0,0,1,0,0,0,.093,-.996,0,.996,.093);es="Linear";ed="In";};["LASabN"]={cf=cfr(.035,-.026,0,.933,-.043,-.358,.043,.999,-.007,.358,-.009,.934);es="Linear";ed="In";};["LSSabN"]={cf=cfr(0,0,0,.932,-.001,-.362,-.001,1,-.004,.362,.004,.932);es="Linear";ed="In";};["BackN"]={cf=cfr(0,0,0,1,0,0,0,1,0,0,0,1);es="Linear";ed="In";};["ReflectorN"]={cf=cfr(0,0,0,1,0,0,0,1,0,0,0,1);es="Linear";ed="In";};["TailNa"]={cf=cfr(0,0,0,.928,.373,-.019,-.29,.687,-.666,-.235,.624,.745);es="Linear";ed="In";};["TailNb"]={cf=cfr(0,0,0,1,0,0,0,.982,.19,0,-.19,.982);es="Linear";ed="In";};["TailNc"]={cf=cfr(0,0,0,1,0,0,0,.833,-.554,0,.554,.833);es="Linear";ed="In";};["LSSabN_end"]={cf=cfr(2.267,-.574,-2.05,.752,.258,-.607,-.017,.927,.374,.659,-.271,.702);es="Linear";ed="In";};["FaceM_end"]={cf=cfr(0,0,0,1,0,0,0,1,0,0,0,1);es="Linear";ed="In";};["BlasterM_end"]={cf=cfr(0,0,0,1,0,0,0,1,0,0,0,1);es="Linear";ed="In";};["L2ndNb_end"]={cf=cfr(3.18,-9.095,1.49,.108,.88,.463,-.177,-.442,.88,.978,-.177,.108);es="Linear";ed="In";};["RThumbNb_end"]={cf=cfr(-.682,-2.793,3.437,.758,.598,.26,-.569,.802,-.184,-.319,-.008,.948);es="Linear";ed="In";};["FacePattern"]={cf=cfr(0,0,0,1,0,0,0,1,0,0,0,1);es="Linear";ed="In";};["EyeYellowM"]={cf=cfr(0,0,0,1,0,0,0,1,0,0,0,1);es="Linear";ed="In";};["LThumbNb_end"]={cf=cfr(6.44,-4.478,-2.593,.25,.968,-.025,-.529,.158,.834,.811,-.195,.551);es="Linear";ed="In";};["ReflectorN_end"]={cf=cfr(.593,-2.703,.268,.737,-.196,-.647,.007,.959,-.282,.676,.204,.709);es="Linear";ed="In";};["RHaveN"]={cf=cfr(-1.053,-3.689,1.624,.461,.363,.81,-.017,.916,-.4,-.887,.171,.428);es="Linear";ed="In";};["ThrowN_end"]={cf=cfr(0,0,0,1,0,0,0,1,0,0,0,1);es="Linear";ed="In";};["BlasterM"]={cf=cfr(0,0,0,1,0,0,0,1,0,0,0,1);es="Linear";ed="In";};["BlinkHalfM"]={cf=cfr(0,0,0,1,0,0,0,1,0,0,0,1);es="Linear";ed="In";};["R4thNb_end"]={cf=cfr(-.879,.003,-4.033,.429,.887,.17,.715,-.448,.537,.553,-.109,-.826);es="Linear";ed="In";};["RSSabN_end"]={cf=cfr(.007,1.165,3.139,.87,.236,-.433,-.068,.927,.369,.488,-.291,.823);es="Linear";ed="In";};["BackN_end"]={cf=cfr(.346,-2.055,-.119,.737,-.577,-.352,.36,.776,-.518,.572,.255,.78);es="Linear";ed="In";};["OuchM"]={cf=cfr(0,0,0,1,0,0,0,1,0,0,0,1);es="Linear";ed="In";};["BlinkM_end"]={cf=cfr(0,0,0,1,0,0,0,1,0,0,0,1);es="Linear";ed="In";};["OuchM_end"]={cf=cfr(0,0,0,1,0,0,0,1,0,0,0,1);es="Linear";ed="In";};["LHandNb_end"]={cf=cfr(4.033,-4.971,1.352,.495,.632,-.596,-.825,.127,-.551,-.272,.764,.584);es="Linear";ed="In";};["FitFox00.ao"]={cf=cfr(0,0,0,1,0,0,0,1,0,0,0,1);es="Linear";ed="In";};["RootNode"]={cf=cfr(0,0,0,-1,0,0,0,1,0,0,0,-1);es="Linear";ed="In";};["LToeN_end"]={cf=cfr(3.423,-1.579,.427,.416,.902,-.116,-.9,.39,-.197,-.132,.187,.974);es="Linear";ed="In";};["TailNc_end"]={cf=cfr(1.26,1.512,1.673,.816,-.054,.576,.578,.125,-.807,-.028,.991,.133);es="Linear";ed="In";};["RHaveN_end"]={cf=cfr(0,0,0,1,0,0,0,1,0,0,0,1);es="Linear";ed="In";};["R1stNb_end"]={cf=cfr(-1.506,.178,3.391,.428,.887,.173,-.898,.396,.189,.099,-.237,.967);es="Linear";ed="In";};["LHaveN_end"]={cf=cfr(0,0,0,1,0,0,0,1,0,0,0,1);es="Linear";ed="In";};["LHaveN"]={cf=cfr(5.47,4.212,1.71,-.158,.508,.847,-.455,.723,-.519,-.876,-.468,.117);es="Linear";ed="In";};["FaceM"]={cf=cfr(0,0,0,1,0,0,0,1,0,0,0,1);es="Linear";ed="In";};["ScopeN_end"]={cf=cfr(-.899,.782,3.539,.993,.01,-.116,-.009,1,.015,.116,-.014,.993);es="Linear";ed="In";};["L1stNb_end"]={cf=cfr(3.405,-8.5,-2.442,.096,.882,.462,-.613,-.313,.725,.784,-.353,.511);es="Linear";ed="In";};["RHandNb_end"]={cf=cfr(-3.813,-1.193,1.573,.972,.227,.066,-.078,.573,-.816,-.223,.788,.574);es="Linear";ed="In";};["RToeN_end"]={cf=cfr(-.159,2.827,.62,-.15,-.988,-.035,.976,-.142,-.163,.156,-.059,.986);es="Linear";ed="In";};["RASabN_end"]={cf=cfr(.072,-.416,4.402,.737,.585,-.339,-.59,.801,.101,.331,.126,.935);es="Linear";ed="In";};["R2ndNb_end"]={cf=cfr(-1.457,1.394,2.919,.431,.889,.155,-.834,.327,.445,.345,-.321,.882);es="Linear";ed="In";};["LASabN_end"]={cf=cfr(2.311,-2.542,-2.694,.516,.83,-.211,-.589,.522,.617,.622,-.194,.758);es="Linear";ed="In";};["ThrowN"]={cf=cfr(-.282,0,0,1,0,0,0,1,0,0,0,1);es="Linear";ed="In";};["L4thNb_end"]={cf=cfr(2.53,2.576,7.46,.132,.878,.46,.989,-.089,-.114,-.059,.47,-.881);es="Linear";ed="In";};["MouthN_end"]={cf=cfr(.22,1.267,-3.257,.988,-.011,-.157,-.002,.997,-.082,.157,.081,.984);es="Linear";ed="In";};};{tm=.125;["BlinkM"]={cf=cfr(0,0,0,1,0,0,0,1,0,0,0,1);es="Linear";ed="In";};["BlinkHalfM_end"]={cf=cfr(0,0,0,1,0,0,0,1,0,0,0,1);es="Linear";ed="In";};["R3rdNb_end"]={cf=cfr(-1.158,1.618,-3.028,.428,.887,.175,.431,-.37,.823,.794,-.277,-.541);es="Linear";ed="In";};["EyeYellowM_end"]={cf=cfr(0,0,0,1,0,0,0,1,0,0,0,1);es="Linear";ed="In";};["L3rdNb_end"]={cf=cfr(2.839,-2.937,8.043,.122,.875,.468,.797,-.367,.479,.591,.315,-.742);es="Linear";ed="In";};["FitFox00.mo"]={cf=cfr(0,0,0,1,0,0,0,1,0,0,0,1);es="Linear";ed="In";};["TopN"]={cf=cfr(0,0,0,1,0,0,0,1,0,0,0,1);es="Linear";ed="In";};["TransN"]={cf=cfr(-5.699,0,0,1,0,0,0,1,0,0,0,1);es="Linear";ed="In";};["XRotN"]={cf=cfr(.282,0,0,1,0,0,0,1,0,0,0,1);es="Linear";ed="In";};["YRotN"]={cf=cfr(0,0,0,1,0,0,0,1,0,0,0,1);es="Linear";ed="In";};["HipN"]={cf=cfr(.262,.155,2.238,.682,-.351,.642,.262,.936,.234,-.683,.009,.731);es="Linear";ed="In";};["LLegJ"]={cf=cfr(0,0,0,-.481,.13,-.867,-.124,.969,.214,.868,.21,-.45);es="Linear";ed="In";};["LKneeJ"]={cf=cfr(0,0,0,.227,.012,.974,-.068,.998,.004,-.971,-.068,.228);es="Linear";ed="In";};["LFootJ"]={cf=cfr(-.057,-.016,.008,.998,.051,-.045,-.048,.997,.066,.048,-.063,.997);es="Linear";ed="In";};["LToeN"]={cf=cfr(0,0,0,1,0,-.001,0,1,0,.001,0,1);es="Linear";ed="In";};["RLegJ"]={cf=cfr(0,0,0,.975,-.216,.053,.195,.945,.262,-.107,-.245,.964);es="Linear";ed="In";};["RKneeJ"]={cf=cfr(0,0,0,.349,.064,.935,.01,.997,-.072,-.937,.034,.348);es="Linear";ed="In";};["RFootJ"]={cf=cfr(.061,-.011,-.008,.996,-.073,.043,.073,.997,-.008,-.043,.011,.999);es="Linear";ed="In";};["RToeN"]={cf=cfr(0,0,0,1,0,-.002,0,1,0,.002,0,1);es="Linear";ed="In";};["WaistN"]={cf=cfr(0,0,0,.898,.158,.411,-.068,.972,-.225,-.435,.174,.883);es="Linear";ed="In";};["BustN"]={cf=cfr(0,0,0,.932,.109,.345,-.058,.986,-.157,-.357,.126,.925);es="Linear";ed="In";};["RShoulderN"]={cf=cfr(0,0,0,.997,-.071,-.035,.071,.997,-.013,.035,.01,.999);es="Linear";ed="In";};["RShoulderJ"]={cf=cfr(0,0,0,.698,.716,-.019,-.497,.464,-.733,-.516,.521,.68);es="Linear";ed="In";};["RArmJ"]={cf=cfr(0,0,0,.996,.089,.004,-.089,.996,-.013,-.005,.013,1);es="Linear";ed="In";};["RHandN"]={cf=cfr(.008,.001,.001,-.009,-.002,-1,-.498,.867,.002,.867,.498,-.009);es="Linear";ed="In";};["RThumbNa"]={cf=cfr(0,0,0,.995,-.056,-.088,.012,.899,-.437,.104,.434,.895);es="Linear";ed="In";};["RThumbNb"]={cf=cfr(0,0,0,.818,.572,-.057,-.56,.816,.146,.13,-.087,.988);es="Linear";ed="In";};["R2ndNa"]={cf=cfr(0,0,0,1,0,0,0,1,-.007,0,.007,1);es="Linear";ed="In";};["R2ndNb"]={cf=cfr(0,0,0,1,0,0,0,.609,-.793,0,.793,.609);es="Linear";ed="In";};["R1stNa"]={cf=cfr(0,0,0,.991,-.123,-.054,.104,.957,-.272,.086,.264,.961);es="Linear";ed="In";};["R1stNb"]={cf=cfr(0,0,0,1,0,0,0,.774,-.633,0,.633,.774);es="Linear";ed="In";};["R3rdNa"]={cf=cfr(0,0,0,.991,.124,.044,-.118,.986,-.12,-.058,.113,.992);es="Linear";ed="In";};["R3rdNb"]={cf=cfr(0,0,0,1,0,0,0,.343,-.939,0,.939,.343);es="Linear";ed="In";};["RHandNb"]={cf=cfr(.013,.009,.03,.968,-.252,.018,.233,.92,.315,-.096,-.3,.949);es="Linear";ed="In";};["R4thNa"]={cf=cfr(0,0,0,.979,.186,.084,-.172,.972,-.158,-.111,.14,.984);es="Linear";ed="In";};["R4thNb"]={cf=cfr(0,0,0,1,0,0,0,.093,-.996,0,.996,.093);es="Linear";ed="In";};["RASabN"]={cf=cfr(-.028,-.014,-.002,.94,-.077,-.332,.075,.997,-.018,.332,-.008,.943);es="Linear";ed="In";};["RSSabN"]={cf=cfr(0,0,0,.944,-.001,-.331,-.001,1,-.003,.331,.003,.944);es="Linear";ed="In";};["NeckN"]={cf=cfr(0,0,0,.412,-.016,-.911,.017,1,-.009,.911,-.012,.412);es="Linear";ed="In";};["HeadN"]={cf=cfr(0,0,0,1,0,0,0,1,0,0,0,1);es="Linear";ed="In";};["ScopeN"]={cf=cfr(0,0,0,1,0,0,0,1,0,0,0,1);es="Linear";ed="In";};["MouthN"]={cf=cfr(0,0,0,.988,0,.156,0,1,0,-.156,0,.988);es="Linear";ed="In";};["LShoulderN"]={cf=cfr(0,0,0,.997,-.072,-.035,.072,.997,-.012,.035,.01,.999);es="Linear";ed="In";};["LShoulderJ"]={cf=cfr(0,0,0,.831,.553,.062,-.242,.46,-.854,-.501,.695,.516);es="Linear";ed="In";};["LArmJ"]={cf=cfr(0,0,0,.985,.174,0,-.174,.985,-.018,-.003,.018,1);es="Linear";ed="In";};["LHandN"]={cf=cfr(-.009,-.001,-.002,-.214,.096,-.972,-.253,.956,.15,.944,.278,-.18);es="Linear";ed="In";};["LThumbNa"]={cf=cfr(0,0,0,.995,-.056,-.088,.012,.899,-.437,.104,.434,.895);es="Linear";ed="In";};["LThumbNb"]={cf=cfr(0,0,0,.818,.572,-.057,-.56,.816,.146,.13,-.087,.988);es="Linear";ed="In";};["L3rdNa"]={cf=cfr(0,0,0,.991,.124,.044,-.118,.986,-.12,-.058,.113,.992);es="Linear";ed="In";};["L3rdNb"]={cf=cfr(0,0,0,1,0,0,0,.343,-.939,0,.939,.343);es="Linear";ed="In";};["L2ndNa"]={cf=cfr(0,0,0,1,0,0,0,1,-.007,0,.007,1);es="Linear";ed="In";};["L2ndNb"]={cf=cfr(0,0,0,1,0,0,0,.609,-.793,0,.793,.609);es="Linear";ed="In";};["L1stNa"]={cf=cfr(0,0,0,.991,-.123,-.054,.104,.957,-.272,.086,.264,.961);es="Linear";ed="In";};["L1stNb"]={cf=cfr(0,0,0,1,0,0,0,.774,-.633,0,.633,.774);es="Linear";ed="In";};["LHandNb"]={cf=cfr(-.018,-.001,-.002,.949,-.312,.049,.312,.95,.008,-.049,.008,.999);es="Linear";ed="In";};["L4thNa"]={cf=cfr(0,0,0,.979,.186,.084,-.172,.972,-.158,-.111,.14,.984);es="Linear";ed="In";};["L4thNb"]={cf=cfr(0,0,0,1,0,0,0,.093,-.996,0,.996,.093);es="Linear";ed="In";};["LASabN"]={cf=cfr(.038,-.026,0,.926,-.048,-.374,.048,.999,-.009,.374,-.01,.927);es="Linear";ed="In";};["LSSabN"]={cf=cfr(0,0,0,.926,-.001,-.378,-.001,1,-.004,.378,.004,.926);es="Linear";ed="In";};["BackN"]={cf=cfr(0,0,0,1,0,0,0,1,0,0,0,1);es="Linear";ed="In";};["ReflectorN"]={cf=cfr(0,0,0,1,0,0,0,1,0,0,0,1);es="Linear";ed="In";};["TailNa"]={cf=cfr(0,0,0,.967,.254,-.028,-.202,.692,-.694,-.157,.676,.72);es="Linear";ed="In";};["TailNb"]={cf=cfr(0,0,0,1,0,0,0,.96,.278,0,-.278,.96);es="Linear";ed="In";};["TailNc"]={cf=cfr(0,0,0,1,0,0,0,.929,-.371,0,.371,.929);es="Linear";ed="In";};["LSSabN_end"]={cf=cfr(2.267,-.574,-2.05,.752,.258,-.607,-.017,.927,.374,.659,-.271,.702);es="Linear";ed="In";};["FaceM_end"]={cf=cfr(0,0,0,1,0,0,0,1,0,0,0,1);es="Linear";ed="In";};["BlasterM_end"]={cf=cfr(0,0,0,1,0,0,0,1,0,0,0,1);es="Linear";ed="In";};["L2ndNb_end"]={cf=cfr(3.18,-9.095,1.49,.108,.88,.463,-.177,-.442,.88,.978,-.177,.108);es="Linear";ed="In";};["RThumbNb_end"]={cf=cfr(-.682,-2.793,3.437,.758,.598,.26,-.569,.802,-.184,-.319,-.008,.948);es="Linear";ed="In";};["FacePattern"]={cf=cfr(0,0,0,1,0,0,0,1,0,0,0,1);es="Linear";ed="In";};["EyeYellowM"]={cf=cfr(0,0,0,1,0,0,0,1,0,0,0,1);es="Linear";ed="In";};["LThumbNb_end"]={cf=cfr(6.44,-4.478,-2.593,.25,.968,-.025,-.529,.158,.834,.811,-.195,.551);es="Linear";ed="In";};["ReflectorN_end"]={cf=cfr(.593,-2.703,.268,.737,-.196,-.647,.007,.959,-.282,.676,.204,.709);es="Linear";ed="In";};["RHaveN"]={cf=cfr(-1.053,-3.689,1.624,.461,.363,.81,-.017,.916,-.4,-.887,.171,.428);es="Linear";ed="In";};["ThrowN_end"]={cf=cfr(0,0,0,1,0,0,0,1,0,0,0,1);es="Linear";ed="In";};["BlasterM"]={cf=cfr(0,0,0,1,0,0,0,1,0,0,0,1);es="Linear";ed="In";};["BlinkHalfM"]={cf=cfr(0,0,0,1,0,0,0,1,0,0,0,1);es="Linear";ed="In";};["R4thNb_end"]={cf=cfr(-.879,.003,-4.033,.429,.887,.17,.715,-.448,.537,.553,-.109,-.826);es="Linear";ed="In";};["RSSabN_end"]={cf=cfr(.007,1.165,3.139,.87,.236,-.433,-.068,.927,.369,.488,-.291,.823);es="Linear";ed="In";};["BackN_end"]={cf=cfr(.346,-2.055,-.119,.737,-.577,-.352,.36,.776,-.518,.572,.255,.78);es="Linear";ed="In";};["OuchM"]={cf=cfr(0,0,0,1,0,0,0,1,0,0,0,1);es="Linear";ed="In";};["BlinkM_end"]={cf=cfr(0,0,0,1,0,0,0,1,0,0,0,1);es="Linear";ed="In";};["OuchM_end"]={cf=cfr(0,0,0,1,0,0,0,1,0,0,0,1);es="Linear";ed="In";};["LHandNb_end"]={cf=cfr(4.033,-4.971,1.352,.495,.632,-.596,-.825,.127,-.551,-.272,.764,.584);es="Linear";ed="In";};["FitFox00.ao"]={cf=cfr(0,0,0,1,0,0,0,1,0,0,0,1);es="Linear";ed="In";};["RootNode"]={cf=cfr(0,0,0,-1,0,0,0,1,0,0,0,-1);es="Linear";ed="In";};["LToeN_end"]={cf=cfr(3.423,-1.579,.427,.416,.902,-.116,-.9,.39,-.197,-.132,.187,.974);es="Linear";ed="In";};["TailNc_end"]={cf=cfr(1.26,1.512,1.673,.816,-.054,.576,.578,.125,-.807,-.028,.991,.133);es="Linear";ed="In";};["RHaveN_end"]={cf=cfr(0,0,0,1,0,0,0,1,0,0,0,1);es="Linear";ed="In";};["R1stNb_end"]={cf=cfr(-1.506,.178,3.391,.428,.887,.173,-.898,.396,.189,.099,-.237,.967);es="Linear";ed="In";};["LHaveN_end"]={cf=cfr(0,0,0,1,0,0,0,1,0,0,0,1);es="Linear";ed="In";};["LHaveN"]={cf=cfr(5.47,4.212,1.71,-.158,.508,.847,-.455,.723,-.519,-.876,-.468,.117);es="Linear";ed="In";};["FaceM"]={cf=cfr(0,0,0,1,0,0,0,1,0,0,0,1);es="Linear";ed="In";};["ScopeN_end"]={cf=cfr(-.899,.782,3.539,.993,.01,-.116,-.009,1,.015,.116,-.014,.993);es="Linear";ed="In";};["L1stNb_end"]={cf=cfr(3.405,-8.5,-2.442,.096,.882,.462,-.613,-.313,.725,.784,-.353,.511);es="Linear";ed="In";};["RHandNb_end"]={cf=cfr(-3.813,-1.193,1.573,.972,.227,.066,-.078,.573,-.816,-.223,.788,.574);es="Linear";ed="In";};["RToeN_end"]={cf=cfr(-.159,2.827,.62,-.15,-.988,-.035,.976,-.142,-.163,.156,-.059,.986);es="Linear";ed="In";};["RASabN_end"]={cf=cfr(.072,-.416,4.402,.737,.585,-.339,-.59,.801,.101,.331,.126,.935);es="Linear";ed="In";};["R2ndNb_end"]={cf=cfr(-1.457,1.394,2.919,.431,.889,.155,-.834,.327,.445,.345,-.321,.882);es="Linear";ed="In";};["LASabN_end"]={cf=cfr(2.311,-2.542,-2.694,.516,.83,-.211,-.589,.522,.617,.622,-.194,.758);es="Linear";ed="In";};["ThrowN"]={cf=cfr(-.282,0,0,1,0,0,0,1,0,0,0,1);es="Linear";ed="In";};["L4thNb_end"]={cf=cfr(2.53,2.576,7.46,.132,.878,.46,.989,-.089,-.114,-.059,.47,-.881);es="Linear";ed="In";};["MouthN_end"]={cf=cfr(.22,1.267,-3.257,.988,-.011,-.157,-.002,.997,-.082,.157,.081,.984);es="Linear";ed="In";};};{tm=.167;["BlinkM"]={cf=cfr(0,0,0,1,0,0,0,1,0,0,0,1);es="Linear";ed="In";};["BlinkHalfM_end"]={cf=cfr(0,0,0,1,0,0,0,1,0,0,0,1);es="Linear";ed="In";};["R3rdNb_end"]={cf=cfr(-1.158,1.618,-3.028,.428,.887,.175,.431,-.37,.823,.794,-.277,-.541);es="Linear";ed="In";};["EyeYellowM_end"]={cf=cfr(0,0,0,1,0,0,0,1,0,0,0,1);es="Linear";ed="In";};["L3rdNb_end"]={cf=cfr(2.839,-2.937,8.043,.122,.875,.468,.797,-.367,.479,.591,.315,-.742);es="Linear";ed="In";};["FitFox00.mo"]={cf=cfr(0,0,0,1,0,0,0,1,0,0,0,1);es="Linear";ed="In";};["TopN"]={cf=cfr(0,0,0,1,0,0,0,1,0,0,0,1);es="Linear";ed="In";};["TransN"]={cf=cfr(-7.598,0,0,1,0,0,0,1,0,0,0,1);es="Linear";ed="In";};["XRotN"]={cf=cfr(.282,0,0,1,0,0,0,1,0,0,0,1);es="Linear";ed="In";};["YRotN"]={cf=cfr(0,0,0,1,0,0,0,1,0,0,0,1);es="Linear";ed="In";};["HipN"]={cf=cfr(.244,.126,2.476,.726,-.22,.652,.159,.975,.152,-.67,-.007,.743);es="Linear";ed="In";};["LLegJ"]={cf=cfr(0,0,0,-.31,.159,-.937,-.211,.95,.231,.927,.27,-.261);es="Linear";ed="In";};["LKneeJ"]={cf=cfr(0,0,0,-.235,.086,.968,-.015,.996,-.092,-.972,-.036,-.233);es="Linear";ed="In";};["LFootJ"]={cf=cfr(-.057,-.016,.008,.774,-.026,-.633,.153,.977,.147,.615,-.211,.76);es="Linear";ed="In";};["LToeN"]={cf=cfr(0,0,0,1,0,-.001,0,1,0,.001,0,1);es="Linear";ed="In";};["RLegJ"]={cf=cfr(0,0,0,.871,-.089,-.483,.204,.96,.19,.447,-.264,.855);es="Linear";ed="In";};["RKneeJ"]={cf=cfr(0,0,0,-.485,.173,.857,.092,.985,-.147,-.87,.008,-.494);es="Linear";ed="In";};["RFootJ"]={cf=cfr(.061,-.011,-.008,.718,-.116,-.687,.189,.981,.033,.67,-.153,.726);es="Linear";ed="In";};["RToeN"]={cf=cfr(0,0,0,1,0,-.002,0,1,0,.002,0,1);es="Linear";ed="In";};["WaistN"]={cf=cfr(0,0,0,.917,.1,.385,-.044,.987,-.153,-.396,.123,.91);es="Linear";ed="In";};["BustN"]={cf=cfr(0,0,0,.949,.054,.311,-.028,.996,-.088,-.314,.075,.946);es="Linear";ed="In";};["RShoulderN"]={cf=cfr(0,0,0,.974,-.202,-.098,.2,.979,-.039,.103,.018,.994);es="Linear";ed="In";};["RShoulderJ"]={cf=cfr(0,0,0,.57,.82,-.05,-.595,.37,-.714,-.567,.437,.699);es="Linear";ed="In";};["RArmJ"]={cf=cfr(0,0,0,1,-.009,.004,.01,1,-.017,-.003,.017,1);es="Linear";ed="In";};["RHandN"]={cf=cfr(.008,.001,.001,-.01,-.223,-.975,-.498,.846,-.189,.867,.484,-.119);es="Linear";ed="In";};["RThumbNa"]={cf=cfr(0,0,0,.995,-.056,-.088,.012,.899,-.437,.104,.434,.895);es="Linear";ed="In";};["RThumbNb"]={cf=cfr(0,0,0,.818,.572,-.057,-.56,.816,.146,.13,-.087,.988);es="Linear";ed="In";};["R2ndNa"]={cf=cfr(0,0,0,1,0,0,0,1,-.007,0,.007,1);es="Linear";ed="In";};["R2ndNb"]={cf=cfr(0,0,0,1,0,0,0,.609,-.793,0,.793,.609);es="Linear";ed="In";};["R1stNa"]={cf=cfr(0,0,0,.991,-.123,-.054,.104,.957,-.272,.086,.264,.961);es="Linear";ed="In";};["R1stNb"]={cf=cfr(0,0,0,1,0,0,0,.774,-.633,0,.633,.774);es="Linear";ed="In";};["R3rdNa"]={cf=cfr(0,0,0,.991,.124,.044,-.118,.986,-.12,-.058,.113,.992);es="Linear";ed="In";};["R3rdNb"]={cf=cfr(0,0,0,1,0,0,0,.343,-.939,0,.939,.343);es="Linear";ed="In";};["RHandNb"]={cf=cfr(.013,.