-- // converted using mech's animoduler
local cfr = CFrame.new

return {{tm=0;["BlinkM"]={cf=cfr(0,0,0,1,0,0,0,1,0,0,0,1);es="Linear";ed="In";};["BlinkHalfM_end"]={cf=cfr(0,0,0,1,0,0,0,1,0,0,0,1);es="Linear";ed="In";};["R3rdNb_end"]={cf=cfr(-1.158,1.618,-3.028,.428,.887,.175,.431,-.37,.823,.794,-.277,-.541);es="Linear";ed="In";};["EyeYellowM_end"]={cf=cfr(0,0,0,1,0,0,0,1,0,0,0,1);es="Linear";ed="In";};["L3rdNb_end"]={cf=cfr(2.839,-2.937,8.043,.122,.875,.468,.797,-.367,.479,.591,.315,-.742);es="Linear";ed="In";};["FitFox00.mo"]={cf=cfr(0,0,0,1,0,0,0,1,0,0,0,1);es="Linear";ed="In";};["TopN"]={cf=cfr(0,0,0,1,0,0,0,1,0,0,0,1);es="Linear";ed="In";};["TransN"]={cf=cfr(0,0,0,1,0,0,0,1,0,0,0,1);es="Linear";ed="In";};["XRotN"]={cf=cfr(.282,0,0,1,0,0,0,1,0,0,0,1);es="Linear";ed="In";};["YRotN"]={cf=cfr(0,0,0,1,0,0,0,1,0,0,0,1);es="Linear";ed="In";};["HipN"]={cf=cfr(.647,.711,2.979,.709,-.699,-.098,.705,.704,.078,.015,-.124,.992);es="Linear";ed="In";};["LLegJ"]={cf=cfr(0,0,0,-.024,.005,-1,-.051,.999,.006,.998,.052,-.024);es="Linear";ed="In";};["LKneeJ"]={cf=cfr(0,0,0,.023,-.038,.999,.13,.991,.035,-.991,.129,.027);es="Linear";ed="In";};["LFootJ"]={cf=cfr(0,0,0,.911,-.247,.331,.207,.966,.153,-.357,-.071,.931);es="Linear";ed="In";};["LToeN"]={cf=cfr(0,0,0,.974,-.004,-.225,.004,1,.003,.225,-.004,.974);es="Linear";ed="In";};["RLegJ"]={cf=cfr(0,0,0,.744,.386,-.545,-.054,.848,.527,.665,-.363,.652);es="Linear";ed="In";};["RKneeJ"]={cf=cfr(0,0,0,-.382,-.135,.914,-.115,.989,.098,-.917,-.067,-.393);es="Linear";ed="In";};["RFootJ"]={cf=cfr(0,0,0,.965,.038,-.258,-.188,.789,-.585,.181,.613,.769);es="Linear";ed="In";};["RToeN"]={cf=cfr(0,0,0,.709,-.034,-.704,.065,.998,.017,.702,-.058,.71);es="Linear";ed="In";};["WaistN"]={cf=cfr(0,0,0,.937,.087,.337,-.128,.986,.102,-.324,-.139,.936);es="Linear";ed="In";};["BustN"]={cf=cfr(0,0,0,.939,.05,.34,-.04,.999,-.037,-.341,.021,.94);es="Linear";ed="In";};["RShoulderN"]={cf=cfr(0,0,0,.978,-.209,-.03,.208,.93,.304,-.036,-.304,.952);es="Linear";ed="In";};["RShoulderJ"]={cf=cfr(0,0,0,.576,-.411,-.707,.212,.91,-.356,.79,.055,.611);es="Linear";ed="In";};["RArmJ"]={cf=cfr(0,0,0,.553,-.833,.003,.833,.553,0,-.001,.003,1);es="Linear";ed="In";};["RHandN"]={cf=cfr(0,0,0,.925,-.225,.307,.153,.958,.242,-.348,-.177,.921);es="Linear";ed="In";};["RThumbNa"]={cf=cfr(0,0,0,.962,-.269,.038,.272,.958,-.095,-.011,.102,.995);es="Linear";ed="In";};["RThumbNb"]={cf=cfr(0,0,0,.749,.663,-.018,-.663,.749,.011,.021,.003,1);es="Linear";ed="In";};["R2ndNa"]={cf=cfr(0,0,0,1,.002,.016,.004,.942,-.336,-.015,.336,.942);es="Linear";ed="In";};["R2ndNb"]={cf=cfr(0,0,0,1,0,0,0,.877,-.48,0,.48,.877);es="Linear";ed="In";};["R1stNa"]={cf=cfr(0,0,0,1,0,-.003,-.001,.998,-.07,.003,.07,.998);es="Linear";ed="In";};["R1stNb"]={cf=cfr(0,0,0,1,0,0,0,.877,-.48,0,.48,.877);es="Linear";ed="In";};["R3rdNa"]={cf=cfr(0,0,0,1,-.001,-.004,-.002,.841,-.541,.004,.541,.841);es="Linear";ed="In";};["R3rdNb"]={cf=cfr(0,0,0,1,0,0,0,-.377,-.926,0,.926,-.377);es="Linear";ed="In";};["RHandNb"]={cf=cfr(.032,.003,-.001,.989,-.149,.012,.149,.969,-.198,.018,.198,.98);es="Linear";ed="In";};["R4thNa"]={cf=cfr(0,0,0,1,0,0,0,.755,-.656,-.001,.656,.755);es="Linear";ed="In";};["R4thNb"]={cf=cfr(0,0,0,1,0,0,0,-.61,-.792,0,.792,-.61);es="Linear";ed="In";};["RASabN"]={cf=cfr(.064,-.52,-.001,.582,.363,.728,-.221,.932,-.288,-.783,.006,.622);es="Linear";ed="In";};["RSSabN"]={cf=cfr(0,0,0,.622,-.004,.783,-.004,1,.009,-.783,-.009,.622);es="Linear";ed="In";};["NeckN"]={cf=cfr(0,0,0,.907,-.179,-.38,.058,.949,-.31,.417,.259,.871);es="Linear";ed="In";};["HeadN"]={cf=cfr(0,0,0,.798,.594,-.1,-.589,.805,.08,.128,-.005,.992);es="Linear";ed="In";};["ScopeN"]={cf=cfr(0,0,0,1,0,0,0,1,0,0,0,1);es="Linear";ed="In";};["MouthN"]={cf=cfr(0,0,0,.997,0,.074,0,1,0,-.074,0,.997);es="Linear";ed="In";};["LShoulderN"]={cf=cfr(0,0,0,.997,-.077,-.013,.077,.996,.033,.011,-.033,.999);es="Linear";ed="In";};["LShoulderJ"]={cf=cfr(0,0,0,.964,.155,-.215,-.265,.601,-.754,.012,.784,.621);es="Linear";ed="In";};["LArmJ"]={cf=cfr(0,0,0,.356,-.935,.003,.935,.356,.001,-.002,.003,1);es="Linear";ed="In";};["LHandN"]={cf=cfr(0,0,0,.94,-.302,-.157,.3,.953,-.037,.161,-.012,.987);es="Linear";ed="In";};["LThumbNa"]={cf=cfr(0,0,0,.964,-.196,.182,.253,.892,-.376,-.088,.408,.909);es="Linear";ed="In";};["LThumbNb"]={cf=cfr(0,0,0,.768,.64,0,-.64,.768,0,0,0,1);es="Linear";ed="In";};["L3rdNa"]={cf=cfr(0,0,0,1,.004,-.004,-.004,.999,-.035,.004,.035,.999);es="Linear";ed="In";};["L3rdNb"]={cf=cfr(0,0,0,1,0,0,0,-.341,-.94,0,.94,-.341);es="Linear";ed="In";};["L2ndNa"]={cf=cfr(0,0,0,1,-.003,.01,.005,.98,-.198,-.009,.198,.98);es="Linear";ed="In";};["L2ndNb"]={cf=cfr(0,0,0,1,0,0,0,.801,-.598,0,.598,.801);es="Linear";ed="In";};["L1stNa"]={cf=cfr(0,0,0,1,-.018,.013,.013,.962,.271,-.018,-.271,.962);es="Linear";ed="In";};["L1stNb"]={cf=cfr(0,0,0,1,0,0,0,.808,-.59,0,.59,.808);es="Linear";ed="In";};["LHandNb"]={cf=cfr(.047,-.018,.032,.995,.069,-.076,-.087,.956,-.278,.053,.284,.957);es="Linear";ed="In";};["L4thNa"]={cf=cfr(0,0,0,1,.009,-.014,-.017,.587,-.809,.001,.809,.587);es="Linear";ed="In";};["L4thNb"]={cf=cfr(0,0,0,1,0,0,0,-.137,-.991,0,.991,-.137);es="Linear";ed="In";};["LASabN"]={cf=cfr(-.049,.542,0,.893,.432,.125,-.427,.902,-.064,-.14,.004,.99);es="Linear";ed="In";};["LSSabN"]={cf=cfr(0,0,0,.989,0,.151,0,1,.002,-.151,-.002,.989);es="Linear";ed="In";};["BackN"]={cf=cfr(0,0,0,1,0,0,0,1,0,0,0,1);es="Linear";ed="In";};["ReflectorN"]={cf=cfr(0,0,0,1,0,0,0,1,0,0,0,1);es="Linear";ed="In";};["TailNa"]={cf=cfr(0,0,0,.871,.429,.24,-.451,.892,.041,-.196,-.144,.97);es="Linear";ed="In";};["TailNb"]={cf=cfr(0,0,0,.919,.389,.062,-.332,.68,.653,.212,-.621,.755);es="Linear";ed="In";};["TailNc"]={cf=cfr(0,0,0,.899,.438,-.002,-.353,.726,.59,.26,-.53,.807);es="Linear";ed="In";};["LSSabN_end"]={cf=cfr(2.267,-.574,-2.05,.752,.258,-.607,-.017,.927,.374,.659,-.271,.702);es="Linear";ed="In";};["FaceM_end"]={cf=cfr(0,0,0,1,0,0,0,1,0,0,0,1);es="Linear";ed="In";};["BlasterM_end"]={cf=cfr(0,0,0,1,0,0,0,1,0,0,0,1);es="Linear";ed="In";};["L2ndNb_end"]={cf=cfr(3.18,-9.095,1.49,.108,.88,.463,-.177,-.442,.88,.978,-.177,.108);es="Linear";ed="In";};["RThumbNb_end"]={cf=cfr(-.682,-2.793,3.437,.758,.598,.26,-.569,.802,-.184,-.319,-.008,.948);es="Linear";ed="In";};["FacePattern"]={cf=cfr(0,0,0,1,0,0,0,1,0,0,0,1);es="Linear";ed="In";};["EyeYellowM"]={cf=cfr(0,0,0,1,0,0,0,1,0,0,0,1);es="Linear";ed="In";};["LThumbNb_end"]={cf=cfr(6.44,-4.478,-2.593,.25,.968,-.025,-.529,.158,.834,.811,-.195,.551);es="Linear";ed="In";};["ReflectorN_end"]={cf=cfr(.593,-2.703,.268,.737,-.196,-.647,.007,.959,-.282,.676,.204,.709);es="Linear";ed="In";};["RHaveN"]={cf=cfr(-1.053,-3.689,1.624,.461,.363,.81,-.017,.916,-.4,-.887,.171,.428);es="Linear";ed="In";};["ThrowN_end"]={cf=cfr(0,0,0,1,0,0,0,1,0,0,0,1);es="Linear";ed="In";};["BlasterM"]={cf=cfr(0,0,0,1,0,0,0,1,0,0,0,1);es="Linear";ed="In";};["BlinkHalfM"]={cf=cfr(0,0,0,1,0,0,0,1,0,0,0,1);es="Linear";ed="In";};["R4thNb_end"]={cf=cfr(-.879,.003,-4.033,.429,.887,.17,.715,-.448,.537,.553,-.109,-.826);es="Linear";ed="In";};["RSSabN_end"]={cf=cfr(.007,1.165,3.139,.87,.236,-.433,-.068,.927,.369,.488,-.291,.823);es="Linear";ed="In";};["BackN_end"]={cf=cfr(.346,-2.055,-.119,.737,-.577,-.352,.36,.776,-.518,.572,.255,.78);es="Linear";ed="In";};["OuchM"]={cf=cfr(0,0,0,1,0,0,0,1,0,0,0,1);es="Linear";ed="In";};["BlinkM_end"]={cf=cfr(0,0,0,1,0,0,0,1,0,0,0,1);es="Linear";ed="In";};["OuchM_end"]={cf=cfr(0,0,0,1,0,0,0,1,0,0,0,1);es="Linear";ed="In";};["LHandNb_end"]={cf=cfr(4.033,-4.971,1.352,.495,.632,-.596,-.825,.127,-.551,-.272,.764,.584);es="Linear";ed="In";};["FitFox00.ao"]={cf=cfr(0,0,0,1,0,0,0,1,0,0,0,1);es="Linear";ed="In";};["RootNode"]={cf=cfr(0,0,0,-1,0,0,0,1,0,0,0,-1);es="Linear";ed="In";};["LToeN_end"]={cf=cfr(3.423,-1.579,.427,.416,.902,-.116,-.9,.39,-.197,-.132,.187,.974);es="Linear";ed="In";};["TailNc_end"]={cf=cfr(1.26,1.512,1.673,.816,-.054,.576,.578,.125,-.807,-.028,.991,.133);es="Linear";ed="In";};["RHaveN_end"]={cf=cfr(0,0,0,1,0,0,0,1,0,0,0,1);es="Linear";ed="In";};["R1stNb_end"]={cf=cfr(-1.506,.178,3.391,.428,.887,.173,-.898,.396,.189,.099,-.237,.967);es="Linear";ed="In";};["LHaveN_end"]={cf=cfr(0,0,0,1,0,0,0,1,0,0,0,1);es="Linear";ed="In";};["LHaveN"]={cf=cfr(5.47,4.212,1.71,-.158,.508,.847,-.455,.723,-.519,-.876,-.468,.117);es="Linear";ed="In";};["FaceM"]={cf=cfr(0,0,0,1,0,0,0,1,0,0,0,1);es="Linear";ed="In";};["ScopeN_end"]={cf=cfr(-.899,.782,3.539,.993,.01,-.116,-.009,1,.015,.116,-.014,.993);es="Linear";ed="In";};["L1stNb_end"]={cf=cfr(3.405,-8.5,-2.442,.096,.882,.462,-.613,-.313,.725,.784,-.353,.511);es="Linear";ed="In";};["RHandNb_end"]={cf=cfr(-3.813,-1.193,1.573,.972,.227,.066,-.078,.573,-.816,-.223,.788,.574);es="Linear";ed="In";};["RToeN_end"]={cf=cfr(-.159,2.827,.62,-.15,-.988,-.035,.976,-.142,-.163,.156,-.059,.986);es="Linear";ed="In";};["RASabN_end"]={cf=cfr(.072,-.416,4.402,.737,.585,-.339,-.59,.801,.101,.331,.126,.935);es="Linear";ed="In";};["R2ndNb_end"]={cf=cfr(-1.457,1.394,2.919,.431,.889,.155,-.834,.327,.445,.345,-.321,.882);es="Linear";ed="In";};["LASabN_end"]={cf=cfr(2.311,-2.542,-2.694,.516,.83,-.211,-.589,.522,.617,.622,-.194,.758);es="Linear";ed="In";};["ThrowN"]={cf=cfr(-.282,0,0,1,0,0,0,1,0,0,0,1);es="Linear";ed="In";};["L4thNb_end"]={cf=cfr(2.53,2.576,7.46,.132,.878,.46,.989,-.089,-.114,-.059,.47,-.881);es="Linear";ed="In";};["MouthN_end"]={cf=cfr(.22,1.267,-3.257,.988,-.011,-.157,-.002,.997,-.082,.157,.081,.984);es="Linear";ed="In";};};{tm=.042;["BlinkM"]={cf=cfr(0,0,0,1,0,0,0,1,0,0,0,1);es="Linear";ed="In";};["BlinkHalfM_end"]={cf=cfr(0,0,0,1,0,0,0,1,0,0,0,1);es="Linear";ed="In";};["R3rdNb_end"]={cf=cfr(-1.158,1.618,-3.028,.428,.887,.175,.431,-.37,.823,.794,-.277,-.541);es="Linear";ed="In";};["EyeYellowM_end"]={cf=cfr(0,0,0,1,0,0,0,1,0,0,0,1);es="Linear";ed="In";};["L3rdNb_end"]={cf=cfr(2.839,-2.937,8.043,.122,.875,.468,.797,-.367,.479,.591,.315,-.742);es="Linear";ed="In";};["FitFox00.mo"]={cf=cfr(0,0,0,1,0,0,0,1,0,0,0,1);es="Linear";ed="In";};["TopN"]={cf=cfr(0,0,0,1,0,0,0,1,0,0,0,1);es="Linear";ed="In";};["TransN"]={cf=cfr(0,0,0,1,0,0,0,1,0,0,0,1);es="Linear";ed="In";};["XRotN"]={cf=cfr(.282,0,0,1,0,0,0,1,0,0,0,1);es="Linear";ed="In";};["YRotN"]={cf=cfr(0,0,0,1,0,0,0,1,0,0,0,1);es="Linear";ed="In";};["HipN"]={cf=cfr(.642,.29,4.176,.983,.176,-.061,-.168,.979,.119,.081,-.107,.991);es="Linear";ed="In";};["LLegJ"]={cf=cfr(0,0,0,-.27,-.056,-.961,-.206,.979,0,.941,.198,-.276);es="Linear";ed="In";};["LKneeJ"]={cf=cfr(0,0,0,-.135,.027,.991,.095,.995,-.014,-.986,.092,-.137);es="Linear";ed="In";};["LFootJ"]={cf=cfr(0,0,0,.96,-.204,.192,.18,.974,.139,-.215,-.099,.972);es="Linear";ed="In";};["LToeN"]={cf=cfr(0,0,0,1,-.001,0,.001,1,.001,0,-.001,1);es="Linear";ed="In";};["RLegJ"]={cf=cfr(0,0,0,.911,.226,.346,-.4,.691,.603,-.103,-.687,.719);es="Linear";ed="In";};["RKneeJ"]={cf=cfr(0,0,0,-.137,-.09,.986,.225,.967,.12,-.965,.238,-.112);es="Linear";ed="In";};["RFootJ"]={cf=cfr(0,0,0,.824,-.467,-.32,.075,.651,-.755,.561,.599,.572);es="Linear";ed="In";};["RToeN"]={cf=cfr(0,0,0,.447,-.001,-.895,.082,.996,.04,.891,-.091,.445);es="Linear";ed="In";};["WaistN"]={cf=cfr(0,0,0,.795,.185,.577,-.357,.912,.2,-.49,-.365,.792);es="Linear";ed="In";};["BustN"]={cf=cfr(0,0,0,.889,.065,.452,-.192,.951,.241,-.415,-.301,.859);es="Linear";ed="In";};["RShoulderN"]={cf=cfr(0,0,0,.996,-.063,.059,.034,.913,.406,-.08,-.402,.912);es="Linear";ed="In";};["RShoulderJ"]={cf=cfr(0,0,0,.123,-.47,-.874,.322,.852,-.413,.939,-.23,.256);es="Linear";ed="In";};["RArmJ"]={cf=cfr(0,0,0,.866,-.501,.004,.501,.866,-.006,-.001,.007,1);es="Linear";ed="In";};["RHandN"]={cf=cfr(0,0,0,.813,-.389,.432,.371,.919,.13,-.448,.055,.892);es="Linear";ed="In";};["RThumbNa"]={cf=cfr(0,0,0,.946,-.287,.148,.304,.946,-.111,-.108,.15,.983);es="Linear";ed="In";};["RThumbNb"]={cf=cfr(0,0,0,.785,.616,-.063,-.615,.788,.034,.07,.012,.997);es="Linear";ed="In";};["R2ndNa"]={cf=cfr(0,0,0,1,.002,.014,.004,.934,-.357,-.014,.357,.934);es="Linear";ed="In";};["R2ndNb"]={cf=cfr(0,0,0,1,0,0,0,.864,-.504,0,.504,.864);es="Linear";ed="In";};["R1stNa"]={cf=cfr(0,0,0,1,0,-.003,-.001,.997,-.077,.003,.077,.997);es="Linear";ed="In";};["R1stNb"]={cf=cfr(0,0,0,1,0,0,0,.864,-.504,0,.504,.864);es="Linear";ed="In";};["R3rdNa"]={cf=cfr(0,0,0,1,0,-.004,-.002,.819,-.574,.003,.574,.819);es="Linear";ed="In";};["R3rdNb"]={cf=cfr(0,0,0,1,0,0,0,-.233,-.973,0,.973,-.233);es="Linear";ed="In";};["RHandNb"]={cf=cfr(.032,.003,-.001,.999,.026,-.034,-.037,.923,-.383,.021,.384,.923);es="Linear";ed="In";};["R4thNa"]={cf=cfr(0,0,0,1,.002,-.001,-.002,.715,-.699,-.001,.699,.715);es="Linear";ed="In";};["R4thNb"]={cf=cfr(0,0,0,1,0,0,0,-.455,-.89,0,.89,-.455);es="Linear";ed="In";};["RASabN"]={cf=cfr(.064,-.52,-.001,.208,.2,.958,-.035,.98,-.197,-.978,.007,.211);es="Linear";ed="In";};["RSSabN"]={cf=cfr(0,0,0,.209,-.008,.978,-.007,1,.01,-.978,-.009,.209);es="Linear";ed="In";};["NeckN"]={cf=cfr(0,0,0,.587,-.773,-.241,.646,.626,-.436,.488,.1,.867);es="Linear";ed="In";};["HeadN"]={cf=cfr(0,0,0,.982,.086,-.17,-.084,.996,.018,.171,-.003,.985);es="Linear";ed="In";};["ScopeN"]={cf=cfr(0,0,0,1,0,0,0,1,0,0,0,1);es="Linear";ed="In";};["MouthN"]={cf=cfr(0,0,0,.998,0,.064,0,1,0,-.064,0,.998);es="Linear";ed="In";};["LShoulderN"]={cf=cfr(0,0,0,1,-.007,-.003,.007,1,.009,.003,-.009,1);es="Linear";ed="In";};["LShoulderJ"]={cf=cfr(0,0,0,.981,.185,.051,-.033,.425,-.904,-.189,.886,.424);es="Linear";ed="In";};["LArmJ"]={cf=cfr(0,0,0,.577,-.817,.007,.817,.577,0,-.004,.005,1);es="Linear";ed="In";};["LHandN"]={cf=cfr(0,0,0,.646,.199,-.737,.155,.911,.381,.748,-.361,.558);es="Linear";ed="In";};["LThumbNa"]={cf=cfr(0,0,0,.959,-.234,.159,.277,.889,-.365,-.056,.395,.917);es="Linear";ed="In";};["LThumbNb"]={cf=cfr(0,0,0,.812,.584,0,-.584,.812,0,0,0,1);es="Linear";ed="In";};["L3rdNa"]={cf=cfr(0,0,0,1,.014,-.014,-.016,.993,-.118,.012,.119,.993);es="Linear";ed="In";};["L3rdNb"]={cf=cfr(0,0,0,1,0,0,0,-.187,-.982,0,.982,-.187);es="Linear";ed="In";};["L2ndNa"]={cf=cfr(0,0,0,1,-.012,.013,.015,.974,-.227,-.01,.227,.974);es="Linear";ed="In";};["L2ndNb"]={cf=cfr(0,0,0,1,0,0,0,.808,-.59,0,.59,.808);es="Linear";ed="In";};["L1stNa"]={cf=cfr(0,0,0,.998,-.054,.017,.048,.973,.226,-.028,-.225,.974);es="Linear";ed="In";};["L1stNb"]={cf=cfr(0,0,0,1,0,0,0,.813,-.582,0,.582,.813);es="Linear";ed="In";};["LHandNb"]={cf=cfr(.047,-.018,.032,.896,-.429,.119,.445,.851,-.28,.019,.304,.952);es="Linear";ed="In";};["L4thNa"]={cf=cfr(0,0,0,.998,.034,-.054,-.064,.577,-.815,.004,.816,.578);es="Linear";ed="In";};["L4thNb"]={cf=cfr(0,0,0,1,0,0,0,-.002,-1,0,1,-.002);es="Linear";ed="In";};["LASabN"]={cf=cfr(-.049,.542,0,.921,.356,-.16,-.352,.934,.056,.17,.004,.985);es="Linear";ed="In";};["LSSabN"]={cf=cfr(0,0,0,.988,0,-.157,0,1,-.001,.157,.001,.988);es="Linear";ed="In";};["BackN"]={cf=cfr(0,0,0,1,0,0,0,1,0,0,0,1);es="Linear";ed="In";};["ReflectorN"]={cf=cfr(0,0,0,1,0,0,0,1,0,0,0,1);es="Linear";ed="In";};["TailNa"]={cf=cfr(0,0,0,.968,.143,.204,-.163,.983,.082,-.189,-.112,.976);es="Linear";ed="In";};["TailNb"]={cf=cfr(0,0,0,.959,.25,.132,-.26,.599,.757,.111,-.761,.64);es="Linear";ed="In";};["TailNc"]={cf=cfr(0,0,0,.951,.311,-.006,-.221,.69,.689,.218,-.654,.725);es="Linear";ed="In";};["LSSabN_end"]={cf=cfr(2.267,-.574,-2.05,.752,.258,-.607,-.017,.927,.374,.659,-.271,.702);es="Linear";ed="In";};["FaceM_end"]={cf=cfr(0,0,0,1,0,0,0,1,0,0,0,1);es="Linear";ed="In";};["BlasterM_end"]={cf=cfr(0,0,0,1,0,0,0,1,0,0,0,1);es="Linear";ed="In";};["L2ndNb_end"]={cf=cfr(3.18,-9.095,1.49,.108,.88,.463,-.177,-.442,.88,.978,-.177,.108);es="Linear";ed="In";};["RThumbNb_end"]={cf=cfr(-.682,-2.793,3.437,.758,.598,.26,-.569,.802,-.184,-.319,-.008,.948);es="Linear";ed="In";};["FacePattern"]={cf=cfr(0,0,0,1,0,0,0,1,0,0,0,1);es="Linear";ed="In";};["EyeYellowM"]={cf=cfr(0,0,0,1,0,0,0,1,0,0,0,1);es="Linear";ed="In";};["LThumbNb_end"]={cf=cfr(6.44,-4.478,-2.593,.25,.968,-.025,-.529,.158,.834,.811,-.195,.551);es="Linear";ed="In";};["ReflectorN_end"]={cf=cfr(.593,-2.703,.268,.737,-.196,-.647,.007,.959,-.282,.676,.204,.709);es="Linear";ed="In";};["RHaveN"]={cf=cfr(-1.053,-3.689,1.624,.461,.363,.81,-.017,.916,-.4,-.887,.171,.428);es="Linear";ed="In";};["ThrowN_end"]={cf=cfr(0,0,0,1,0,0,0,1,0,0,0,1);es="Linear";ed="In";};["BlasterM"]={cf=cfr(0,0,0,1,0,0,0,1,0,0,0,1);es="Linear";ed="In";};["BlinkHalfM"]={cf=cfr(0,0,0,1,0,0,0,1,0,0,0,1);es="Linear";ed="In";};["R4thNb_end"]={cf=cfr(-.879,.003,-4.033,.429,.887,.17,.715,-.448,.537,.553,-.109,-.826);es="Linear";ed="In";};["RSSabN_end"]={cf=cfr(.007,1.165,3.139,.87,.236,-.433,-.068,.927,.369,.488,-.291,.823);es="Linear";ed="In";};["BackN_end"]={cf=cfr(.346,-2.055,-.119,.737,-.577,-.352,.36,.776,-.518,.572,.255,.78);es="Linear";ed="In";};["OuchM"]={cf=cfr(0,0,0,1,0,0,0,1,0,0,0,1);es="Linear";ed="In";};["BlinkM_end"]={cf=cfr(0,0,0,1,0,0,0,1,0,0,0,1);es="Linear";ed="In";};["OuchM_end"]={cf=cfr(0,0,0,1,0,0,0,1,0,0,0,1);es="Linear";ed="In";};["LHandNb_end"]={cf=cfr(4.033,-4.971,1.352,.495,.632,-.596,-.825,.127,-.551,-.272,.764,.584);es="Linear";ed="In";};["FitFox00.ao"]={cf=cfr(0,0,0,1,0,0,0,1,0,0,0,1);es="Linear";ed="In";};["RootNode"]={cf=cfr(0,0,0,-1,0,0,0,1,0,0,0,-1);es="Linear";ed="In";};["LToeN_end"]={cf=cfr(3.423,-1.579,.427,.416,.902,-.116,-.9,.39,-.197,-.132,.187,.974);es="Linear";ed="In";};["TailNc_end"]={cf=cfr(1.26,1.512,1.673,.816,-.054,.576,.578,.125,-.807,-.028,.991,.133);es="Linear";ed="In";};["RHaveN_end"]={cf=cfr(0,0,0,1,0,0,0,1,0,0,0,1);es="Linear";ed="In";};["R1stNb_end"]={cf=cfr(-1.506,.178,3.391,.428,.887,.173,-.898,.396,.189,.099,-.237,.967);es="Linear";ed="In";};["LHaveN_end"]={cf=cfr(0,0,0,1,0,0,0,1,0,0,0,1);es="Linear";ed="In";};["LHaveN"]={cf=cfr(5.47,4.212,1.71,-.158,.508,.847,-.455,.723,-.519,-.876,-.468,.117);es="Linear";ed="In";};["FaceM"]={cf=cfr(0,0,0,1,0,0,0,1,0,0,0,1);es="Linear";ed="In";};["ScopeN_end"]={cf=cfr(-.899,.782,3.539,.993,.01,-.116,-.009,1,.015,.116,-.014,.993);es="Linear";ed="In";};["L1stNb_end"]={cf=cfr(3.405,-8.5,-2.442,.096,.882,.462,-.613,-.313,.725,.784,-.353,.511);es="Linear";ed="In";};["RHandNb_end"]={cf=cfr(-3.813,-1.193,1.573,.972,.227,.066,-.078,.573,-.816,-.223,.788,.574);es="Linear";ed="In";};["RToeN_end"]={cf=cfr(-.159,2.827,.62,-.15,-.988,-.035,.976,-.142,-.163,.156,-.059,.986);es="Linear";ed="In";};["RASabN_end"]={cf=cfr(.072,-.416,4.402,.737,.585,-.339,-.59,.801,.101,.331,.126,.935);es="Linear";ed="In";};["R2ndNb_end"]={cf=cfr(-1.457,1.394,2.919,.431,.889,.155,-.834,.327,.445,.345,-.321,.882);es="Linear";ed="In";};["LASabN_end"]={cf=cfr(2.311,-2.542,-2.694,.516,.83,-.211,-.589,.522,.617,.622,-.194,.758);es="Linear";ed="In";};["ThrowN"]={cf=cfr(-.282,0,0,1,0,0,0,1,0,0,0,1);es="Linear";ed="In";};["L4thNb_end"]={cf=cfr(2.53,2.576,7.46,.132,.878,.46,.989,-.089,-.114,-.059,.47,-.881);es="Linear";ed="In";};["MouthN_end"]={cf=cfr(.22,1.267,-3.257,.988,-.011,-.157,-.002,.997,-.082,.157,.081,.984);es="Linear";ed="In";};};{tm=.083;["BlinkM"]={cf=cfr(0,0,0,1,0,0,0,1,0,0,0,1);es="Linear";ed="In";};["BlinkHalfM_end"]={cf=cfr(0,0,0,1,0,0,0,1,0,0,0,1);es="Linear";ed="In";};["R3rdNb_end"]={cf=cfr(-1.158,1.618,-3.028,.428,.887,.175,.431,-.37,.823,.794,-.277,-.541);es="Linear";ed="In";};["EyeYellowM_end"]={cf=cfr(0,0,0,1,0,0,0,1,0,0,0,1);es="Linear";ed="In";};["L3rdNb_end"]={cf=cfr(2.839,-2.937,8.043,.122,.875,.468,.797,-.367,.479,.591,.315,-.742);es="Linear";ed="In";};["FitFox00.mo"]={cf=cfr(0,0,0,1,0,0,0,1,0,0,0,1);es="Linear";ed="In";};["TopN"]={cf=cfr(0,0,0,1,0,0,0,1,0,0,0,1);es="Linear";ed="In";};["TransN"]={cf=cfr(0,0,0,1,0,0,0,1,0,0,0,1);es="Linear";ed="In";};["XRotN"]={cf=cfr(.282,0,0,1,0,0,0,1,0,0,0,1);es="Linear";ed="In";};["YRotN"]={cf=cfr(0,0,0,1,0,0,0,1,0,0,0,1);es="Linear";ed="In";};["HipN"]={cf=cfr(.637,.297,4.184,.982,.18,-.061,-.172,.978,.119,.081,-.107,.991);es="Linear";ed="In";};["LLegJ"]={cf=cfr(0,0,0,-.261,-.027,-.965,-.205,.978,.028,.943,.205,-.261);es="Linear";ed="In";};["LKneeJ"]={cf=cfr(0,0,0,-.163,.006,.987,.063,.998,.004,-.985,.062,-.163);es="Linear";ed="In";};["LFootJ"]={cf=cfr(0,0,0,.979,-.154,.131,.145,.986,.079,-.142,-.058,.988);es="Linear";ed="In";};["LToeN"]={cf=cfr(0,0,0,1,.001,.014,-.001,1,-.001,-.014,.001,1);es="Linear";ed="In";};["RLegJ"]={cf=cfr(0,0,0,.915,.214,.343,-.392,.676,.624,-.098,-.705,.702);es="Linear";ed="In";};["RKneeJ"]={cf=cfr(0,0,0,-.12,-.106,.987,.249,.959,.133,-.961,.261,-.089);es="Linear";ed="In";};["RFootJ"]={cf=cfr(0,0,0,.845,-.47,-.255,.128,.64,-.757,.519,.607,.601);es="Linear";ed="In";};["RToeN"]={cf=cfr(0,0,0,.378,.007,-.926,.085,.995,.042,.922,-.095,.375);es="Linear";ed="In";};["WaistN"]={cf=cfr(0,0,0,.762,.185,.62,-.4,.888,.227,-.508,-.421,.751);es="Linear";ed="In";};["BustN"]={cf=cfr(0,0,0,.878,.072,.473,-.233,.928,.291,-.418,-.366,.832);es="Linear";ed="In";};["RShoulderN"]={cf=cfr(0,0,0,.996,-.042,.082,-.001,.884,.467,-.092,-.465,.88);es="Linear";ed="In";};["RShoulderJ"]={cf=cfr(0,0,0,-.026,-.466,-.884,.318,.835,-.449,.948,-.293,.127);es="Linear";ed="In";};["RArmJ"]={cf=cfr(0,0,0,.912,-.409,.005,.409,.912,-.008,-.001,.01,1);es="Linear";ed="In";};["RHandN"]={cf=cfr(0,0,0,.782,-.384,.491,.36,.921,.146,-.509,.062,.859);es="Linear";ed="In";};["RThumbNa"]={cf=cfr(0,0,0,.903,-.309,.297,.358,.925,-.127,-.236,.221,.946);es="Linear";ed="In";};["RThumbNb"]={cf=cfr(0,0,0,.828,.545,-.131,-.542,.838,.057,.141,.024,.99);es="Linear";ed="In";};["R2ndNa"]={cf=cfr(0,0,0,1,.002,.012,.003,.924,-.382,-.012,.382,.924);es="Linear";ed="In";};["R2ndNb"]={cf=cfr(0,0,0,1,0,0,0,.849,-.528,0,.528,.849);es="Linear";ed="In";};["R1stNa"]={cf=cfr(0,0,0,1,0,-.003,-.001,.996,-.084,.003,.084,.996);es="Linear";ed="In";};["R1stNb"]={cf=cfr(0,0,0,1,0,0,0,.849,-.528,0,.528,.849);es="Linear";ed="In";};["R3rdNa"]={cf=cfr(0,0,0,1,.001,-.003,-.002,.79,-.614,.002,.614,.79);es="Linear";ed="In";};["R3rdNb"]={cf=cfr(0,0,0,1,0,0,0,-.022,-1,0,1,-.022);es="Linear";ed="In";};["RHandNb"]={cf=cfr(.032,.003,-.001,.999,.018,-.034,-.03,.925,-.378,.024,.379,.925);es="Linear";ed="In";};["R4thNa"]={cf=cfr(0,0,0,1,.003,-.002,-.003,.655,-.756,-.001,.756,.655);es="Linear";ed="In";};["R4thNb"]={cf=cfr(0,0,0,1,0,0,0,-.214,-.977,0,.977,-.214);es="Linear";ed="In";};["RASabN"]={cf=cfr(.064,-.52,-.001,.059,.16,.985,-.003,.987,-.161,-.998,.007,.059);es="Linear";ed="In";};["RSSabN"]={cf=cfr(0,0,0,.056,-.01,.998,-.008,1,.011,-.998,-.009,.056);es="Linear";ed="In";};["NeckN"]={cf=cfr(0,0,0,.483,-.852,-.201,.722,.518,-.459,.495,.076,.865);es="Linear";ed="In";};["HeadN"]={cf=cfr(0,0,0,.977,-.012,-.214,.012,1,-.002,.214,-.001,.977);es="Linear";ed="In";};["ScopeN"]={cf=cfr(0,0,0,1,0,0,0,1,0,0,0,1);es="Linear";ed="In";};["MouthN"]={cf=cfr(0,0,0,.999,0,.053,0,1,0,-.053,0,.999);es="Linear";ed="In";};["LShoulderN"]={cf=cfr(0,0,0,1,.008,.003,-.008,1,0,-.003,0,1);es="Linear";ed="In";};["LShoulderJ"]={cf=cfr(0,0,0,.975,.192,.109,.032,.367,-.93,-.218,.91,.352);es="Linear";ed="In";};["LArmJ"]={cf=cfr(0,0,0,.567,-.824,.007,.824,.567,.001,-.005,.006,1);es="Linear";ed="In";};["LHandN"]={cf=cfr(0,0,0,.532,.333,-.779,.135,.874,.466,.836,-.353,.42);es="Linear";ed="In";};["LThumbNa"]={cf=cfr(0,0,0,.95,-.282,.132,.311,.882,-.355,-.016,.378,.926);es="Linear";ed="In";};["LThumbNb"]={cf=cfr(0,0,0,.866,.5,0,-.5,.866,0,0,0,1);es="Linear";ed="In";};["L3rdNa"]={cf=cfr(0,0,0,.999,.027,-.026,-.033,.972,-.234,.019,.234,.972);es="Linear";ed="In";};["L3rdNb"]={cf=cfr(0,0,0,1,0,0,0,.034,-.999,0,.999,.034);es="Linear";ed="In";};["L2ndNa"]={cf=cfr(0,0,0,1,-.023,.017,.027,.965,-.262,-.01,.263,.965);es="Linear";ed="In";};["L2ndNb"]={cf=cfr(0,0,0,1,0,0,0,.814,-.581,0,.581,.814);es="Linear";ed="In";};["L1stNa"]={cf=cfr(0,0,0,.995,-.098,.021,.094,.983,.161,-.036,-.158,.987);es="Linear";ed="In";};["L1stNb"]={cf=cfr(0,0,0,1,0,0,0,.819,-.574,0,.574,.819);es="Linear";ed="In";};["LHandNb"]={cf=cfr(.047,-.018,.032,.843,-.513,.165,.538,.796,-.278,.011,.323,.946);es="Linear";ed="In";};["L4thNa"]={cf=cfr(0,0,0,.993,.064,-.103,-.121,.562,-.818,.006,.825,.566);es="Linear";ed="In";};["L4thNb"]={cf=cfr(0,0,0,1,0,0,0,.185,-.983,0,.983,.185);es="Linear";ed="In";};["LASabN"]={cf=cfr(-.049,.542,0,.906,.358,-.226,-.348,.934,.082,.24,.004,.971);es="Linear";ed="In";};["LSSabN"]={cf=cfr(0,0,0,.974,0,-.226,0,1,-.003,.226,.003,.974);es="Linear";ed="In";};["BackN"]={cf=cfr(0,0,0,1,0,0,0,1,0,0,0,1);es="Linear";ed="In";};["ReflectorN"]={cf=cfr(0,0,0,1,0,0,0,1,0,0,0,1);es="Linear";ed="In";};["TailNa"]={cf=cfr(0,0,0,.987,-.077,.143,.066,.995,.079,-.148,-.068,.987);es="Linear";ed="In";};["TailNb"]={cf=cfr(0,0,0,.99,.015,.14,-.095,.808,.582,-.105,-.59,.801);es="Linear";ed="In";};["TailNc"]={cf=cfr(0,0,0,.99,.143,-.01,-.087,.654,.752,.114,-.743,.659);es="Linear";ed="In";};["LSSabN_end"]={cf=cfr(2.267,-.574,-2.05,.752,.258,-.607,-.017,.927,.374,.659,-.271,.702);es="Linear";ed="In";};["FaceM_end"]={cf=cfr(0,0,0,1,0,0,0,1,0,0,0,1);es="Linear";ed="In";};["BlasterM_end"]={cf=cfr(0,0,0,1,0,0,0,1,0,0,0,1);es="Linear";ed="In";};["L2ndNb_end"]={cf=cfr(3.18,-9.095,1.49,.108,.88,.463,-.177,-.442,.88,.978,-.177,.108);es="Linear";ed="In";};["RThumbNb_end"]={cf=cfr(-.682,-2.793,3.437,.758,.598,.26,-.569,.802,-.184,-.319,-.008,.948);es="Linear";ed="In";};["FacePattern"]={cf=cfr(0,0,0,1,0,0,0,1,0,0,0,1);es="Linear";ed="In";};["EyeYellowM"]={cf=cfr(0,0,0,1,0,0,0,1,0,0,0,1);es="Linear";ed="In";};["LThumbNb_end"]={cf=cfr(6.44,-4.478,-2.593,.25,.968,-.025,-.529,.158,.834,.811,-.195,.551);es="Linear";ed="In";};["ReflectorN_end"]={cf=cfr(.593,-2.703,.268,.737,-.196,-.647,.007,.959,-.282,.676,.204,.709);es="Linear";ed="In";};["RHaveN"]={cf=cfr(-1.053,-3.689,1.624,.461,.363,.81,-.017,.916,-.4,-.887,.171,.428);es="Linear";ed="In";};["ThrowN_end"]={cf=cfr(0,0,0,1,0,0,0,1,0,0,0,1);es="Linear";ed="In";};["BlasterM"]={cf=cfr(0,0,0,1,0,0,0,1,0,0,0,1);es="Linear";ed="In";};["BlinkHalfM"]={cf=cfr(0,0,0,1,0,0,0,1,0,0,0,1);es="Linear";ed="In";};["R4thNb_end"]={cf=cfr(-.879,.003,-4.033,.429,.887,.17,.715,-.448,.537,.553,-.109,-.826);es="Linear";ed="In";};["RSSabN_end"]={cf=cfr(.007,1.165,3.139,.87,.236,-.433,-.068,.927,.369,.488,-.291,.823);es="Linear";ed="In";};["BackN_end"]={cf=cfr(.346,-2.055,-.119,.737,-.577,-.352,.36,.776,-.518,.572,.255,.78);es="Linear";ed="In";};["OuchM"]={cf=cfr(0,0,0,1,0,0,0,1,0,0,0,1);es="Linear";ed="In";};["BlinkM_end"]={cf=cfr(0,0,0,1,0,0,0,1,0,0,0,1);es="Linear";ed="In";};["OuchM_end"]={cf=cfr(0,0,0,1,0,0,0,1,0,0,0,1);es="Linear";ed="In";};["LHandNb_end"]={cf=cfr(4.033,-4.971,1.352,.495,.632,-.596,-.825,.127,-.551,-.272,.764,.584);es="Linear";ed="In";};["FitFox00.ao"]={cf=cfr(0,0,0,1,0,0,0,1,0,0,0,1);es="Linear";ed="In";};["RootNode"]={cf=cfr(0,0,0,-1,0,0,0,1,0,0,0,-1);es="Linear";ed="In";};["LToeN_end"]={cf=cfr(3.423,-1.579,.427,.416,.902,-.116,-.9,.39,-.197,-.132,.187,.974);es="Linear";ed="In";};["TailNc_end"]={cf=cfr(1.26,1.512,1.673,.816,-.054,.576,.578,.125,-.807,-.028,.991,.133);es="Linear";ed="In";};["RHaveN_end"]={cf=cfr(0,0,0,1,0,0,0,1,0,0,0,1);es="Linear";ed="In";};["R1stNb_end"]={cf=cfr(-1.506,.178,3.391,.428,.887,.173,-.898,.396,.189,.099,-.237,.967);es="Linear";ed="In";};["LHaveN_end"]={cf=cfr(0,0,0,1,0,0,0,1,0,0,0,1);es="Linear";ed="In";};["LHaveN"]={cf=cfr(5.47,4.212,1.71,-.158,.508,.847,-.455,.723,-.519,-.876,-.468,.117);es="Linear";ed="In";};["FaceM"]={cf=cfr(0,0,0,1,0,0,0,1,0,0,0,1);es="Linear";ed="In";};["ScopeN_end"]={cf=cfr(-.899,.782,3.539,.993,.01,-.116,-.009,1,.015,.116,-.014,.993);es="Linear";ed="In";};["L1stNb_end"]={cf=cfr(3.405,-8.5,-2.442,.096,.882,.462,-.613,-.313,.725,.784,-.353,.511);es="Linear";ed="In";};["RHandNb_end"]={cf=cfr(-3.813,-1.193,1.573,.972,.227,.066,-.078,.573,-.816,-.223,.788,.574);es="Linear";ed="In";};["RToeN_end"]={cf=cfr(-.159,2.827,.62,-.15,-.988,-.035,.976,-.142,-.163,.156,-.059,.986);es="Linear";ed="In";};["RASabN_end"]={cf=cfr(.072,-.416,4.402,.737,.585,-.339,-.59,.801,.101,.331,.126,.935);es="Linear";ed="In";};["R2ndNb_end"]={cf=cfr(-1.457,1.394,2.919,.431,.889,.155,-.834,.327,.445,.345,-.321,.882);es="Linear";ed="In";};["LASabN_end"]={cf=cfr(2.311,-2.542,-2.694,.516,.83,-.211,-.589,.522,.617,.622,-.194,.758);es="Linear";ed="In";};["ThrowN"]={cf=cfr(-.282,0,0,1,0,0,0,1,0,0,0,1);es="Linear";ed="In";};["L4thNb_end"]={cf=cfr(2.53,2.576,7.46,.132,.878,.46,.989,-.089,-.114,-.059,.47,-.881);es="Linear";ed="In";};["MouthN_end"]={cf=cfr(.22,1.267,-3.257,.988,-.011,-.157,-.002,.997,-.082,.157,.081,.984);es="Linear";ed="In";};};{tm=.125;["BlinkM"]={cf=cfr(0,0,0,1,0,0,0,1,0,0,0,1);es="Linear";ed="In";};["BlinkHalfM_end"]={cf=cfr(0,0,0,1,0,0,0,1,0,0,0,1);es="Linear";ed="In";};["R3rdNb_end"]={cf=cfr(-1.158,1.618,-3.028,.428,.887,.175,.431,-.37,.823,.794,-.277,-.541);es="Linear";ed="In";};["EyeYellowM_end"]={cf=cfr(0,0,0,1,0,0,0,1,0,0,0,1);es="Linear";ed="In";};["L3rdNb_end"]={cf=cfr(2.839,-2.937,8.043,.122,.875,.468,.797,-.367,.479,.591,.315,-.742);es="Linear";ed="In";};["FitFox00.mo"]={cf=cfr(0,0,0,1,0,0,0,1,0,0,0,1);es="Linear";ed="In";};["TopN"]={cf=cfr(0,0,0,1,0,0,0,1,0,0,0,1);es="Linear";ed="In";};["TransN"]={cf=cfr(0,0,0,1,0,0,0,1,0,0,0,1);es="Linear";ed="In";};["XRotN"]={cf=cfr(.282,0,0,1,0,0,0,1,0,0,0,1);es="Linear";ed="In";};["YRotN"]={cf=cfr(0,0,0,1,0,0,0,1,0,0,0,1);es="Linear";ed="In";};["HipN"]={cf=cfr(.633,.314,4.204,.979,.195,-.06,-.187,.975,.12,.082,-.106,.991);es="Linear";ed="In";};["LLegJ"]={cf=cfr(0,0,0,-.267,-.025,-.963,-.215,.976,.035,.939,.217,-.266);es="Linear";ed="In";};["LKneeJ"]={cf=cfr(0,0,0,-.173,.014,.985,.053,.999,-.005,-.984,.051,-.173);es="Linear";ed="In";};["LFootJ"]={cf=cfr(0,0,0,.975,-.149,.168,.131,.985,.114,-.182,-.089,.979);es="Linear";ed="In";};["LToeN"]={cf=cfr(0,0,0,1,.001,0,-.001,1,-.001,0,.001,1);es="Linear";ed="In";};["RLegJ"]={cf=cfr(0,0,0,.915,.226,.334,-.395,.676,.622,-.085,-.701,.708);es="Linear";ed="In";};["RKneeJ"]={cf=cfr(0,0,0,-.147,-.088,.985,.246,.961,.123,-.958,.261,-.12);es="Linear";ed="In";};["RFootJ"]={cf=cfr(0,0,0,.859,-.457,-.232,.146,.651,-.745,.492,.606,.626);es="Linear";ed="In";};["RToeN"]={cf=cfr(0,0,0,.352,.005,-.936,.083,.996,.036,.932,-.09,.351);es="Linear";ed="In";};["WaistN"]={cf=cfr(0,0,0,.75,.182,.635,-.418,.875,.244,-.512,-.449,.733);es="Linear";ed="In";};["BustN"]={cf=cfr(0,0,0,.871,.077,.485,-.254,.916,.311,-.42,-.394,.817);es="Linear";ed="In";};["RShoulderN"]={cf=cfr(0,0,0,.994,-.046,.096,-.013,.842,.54,-.105,-.538,.836);es="Linear";ed="In";};["RShoulderJ"]={cf=cfr(0,0,0,-.114,-.438,-.892,.285,.845,-.452,.952,-.306,.029);es="Linear";ed="In";};["RArmJ"]={cf=cfr(0,0,0,.914,-.405,.005,.405,.914,-.009,0,.01,1);es="Linear";ed="In";};["RHandN"]={cf=cfr(0,0,0,.77,-.381,.512,.355,.923,.152,-.531,.064,.845);es="Linear";ed="In";};["RThumbNa"]={cf=cfr(0,0,0,.822,-.332,.462,.432,.893,-.127,-.371,.304,.878);es="Linear";ed="In";};["RThumbNb"]={cf=cfr(0,0,0,.862,.459,-.215,-.455,.888,.071,.223,.036,.974);es="Linear";ed="In";};["R2ndNa"]={cf=cfr(0,0,0,1,.002,.01,.003,.913,-.408,-.01,.408,.913);es="Linear";ed="In";};["R2ndNb"]={cf=cfr(0,0,0,1,0,0,0,.834,-.552,0,.552,.834);es="Linear";ed="In";};["R1stNa"]={cf=cfr(0,0,0,1,0,-.003,-.001,.996,-.091,.003,.091,.996);es="Linear";ed="In";};["R1stNb"]={cf=cfr(0,0,0,1,0,0,0,.834,-.552,0,.552,.834);es="Linear";ed="In";};["R3rdNa"]={cf=cfr(0,0,0,1,.002,-.002,-.003,.751,-.66,0,.66,.751);es="Linear";ed="In";};["R3rdNb"]={cf=cfr(0,0,0,1,0,0,0,.224,-.975,0,.975,.224);es="Linear";ed="In";};["RHandNb"]={cf=cfr(.032,.003,-.001,.999,.014,-.03,-.025,.926,-.376,.022,.377,.926);es="Linear";ed="In";};["R4thNa"]={cf=cfr(0,0,0,1,.004,-.004,-.005,.579,-.815,-.001,.815,.579);es="Linear";ed="In";};["R4thNb"]={cf=cfr(0,0,0,1,0,0,0,.084,-.996,0,.996,.084);es="Linear";ed="In";};["RASabN"]={cf=cfr(.064,-.52,-.001,-.038,.16,.986,.013,.987,-.159,-.999,.007,-.04);es="Linear";ed="In";};["RSSabN"]={cf=cfr(0,0,0,-.042,-.011,.999,-.009,1,.011,-.999,-.009,-.042);es="Linear";ed="In";};["NeckN"]={cf=cfr(0,0,0,.438,-.877,-.198,.731,.476,-.488,.522,.069,.85);es="Linear";ed="In";};["HeadN"]={cf=cfr(0,0,0,.964,-.055,-.26,.053,.998,-.014,.261,0,.965);es="Linear";ed="In";};["ScopeN"]={cf=cfr(0,0,0,1,0,0,0,1,0,0,0,1);es="Linear";ed="In";};["MouthN"]={cf=cfr(0,0,0,.999,0,.042,0,1,0,-.042,0,.999);es="Linear";ed="In";};["LShoulderN"]={cf=cfr(0,0,0,1,.013,.005,-.013,1,-.001,-.005,.001,1);es="Linear";ed="In";};["LShoulderJ"]={cf=cfr(0,0,0,.971,.197,.135,.066,.321,-.945,-.23,.926,.299);es="Linear";ed="In";};["LArmJ"]={cf=cfr(0,0,0,.486,-.874,.007,.874,.486,.001,-.004,.005,1);es="Linear";ed="In";};["LHandN"]={cf=cfr(0,0,0,.491,.379,-.784,.131,.858,.497,.861,-.347,.372);es="Linear";ed="In";};["LThumbNa"]={cf=cfr(0,0,0,.936,-.339,.099,.351,.87,-.347,.032,.359,.933);es="Linear";ed="In";};["LThumbNb"]={cf=cfr(0,0,0,.918,.396,0,-.396,.918,0,0,0,1);es="Linear";ed="In";};["L3rdNa"]={cf=cfr(0,0,0,.998,.041,-.04,-.053,.93,-.363,.022,.365,.931);es="Linear";ed="In";};["L3rdNb"]={cf=cfr(0,0,0,1,0,0,0,.29,-.957,0,.957,.29);es="Linear";ed="In";};["L2ndNa"]={cf=cfr(0,0,0,.999,-.035,.02,.04,.952,-.305,-.009,.305,.952);es="Linear";ed="In";};["L2ndNb"]={cf=cfr(0,0,0,1,0,0,0,.82,-.572,0,.572,.82);es="Linear";ed="In";};["L1stNa"]={cf=cfr(0,0,0,.988,-.152,.025,.149,.985,.086,-.038,-.081,.996);es="Linear";ed="In";};["L1stNb"]={cf=cfr(0,0,0,1,0,0,0,.824,-.567,0,.567,.824);es="Linear";ed="In";};["LHandNb"]={cf=cfr(.047,-.018,.032,.822,-.541,.181,.57,.774,-.275,.009,.329,.944);es="Linear";ed="In";};["L4thNa"]={cf=cfr(0,0,0,.982,.098,-.163,-.19,.546,-.816,.009,.832,.555);es="Linear";ed="In";};["L4thNb"]={cf=cfr(0,0,0,1,0,0,0,.394,-.919,0,.919,.394);es="Linear";ed="In";};["LASabN"]={cf=cfr(-.049,.542,0,.883,.39,-.26,-.376,.921,.106,.281,.004,.96);es="Linear";ed="In";};["LSSabN"]={cf=cfr(0,0,0,.965,0,-.263,-.001,1,-.003,.263,.003,.965);es="Linear";ed="In";};["BackN"]={cf=cfr(0,0,0,1,0,0,0,1,0,0,0,1);es="Linear";ed="In";};["ReflectorN"]={cf=cfr(0,0,0,1,0,0,0,1,0,0,0,1);es="Linear";ed="In";};["TailNa"]={cf=cfr(0,0,0,.963,-.256,.09,.254,.967,.035,-.096,-.011,.995);es="Linear";ed="In";};["TailNb"]={cf=cfr(0,0,0,.945,-.292,.145,.262,.945,.197,-.194,-.148,.97);es="Linear";ed="In";};["TailNc"]={cf=cfr(0,0,0,1,-.014,-.011,.018,.678,.734,-.003,-.735,.679);es="Linear";ed="In";};["LSSabN_end"]={cf=cfr(2.267,-.574,-2.05,.752,.258,-.607,-.017,.927,.374,.659,-.271,.702);es="Linear";ed="In";};["FaceM_end"]={cf=cfr(0,0,0,1,0,0,0,1,0,0,0,1);es="Linear";ed="In";};["BlasterM_end"]={cf=cfr(0,0,0,1,0,0,0,1,0,0,0,1);es="Linear";ed="In";};["L2ndNb_end"]={cf=cfr(3.18,-9.095,1.49,.108,.88,.463,-.177,-.442,.88,.978,-.177,.108);es="Linear";ed="In";};["RThumbNb_end"]={cf=cfr(-.682,-2.793,3.437,.758,.598,.26,-.569,.802,-.184,-.319,-.008,.948);es="Linear";ed="In";};["FacePattern"]={cf=cfr(0,0,0,1,0,0,0,1,0,0,0,1);es="Linear";ed="In";};["EyeYellowM"]={cf=cfr(0,0,0,1,0,0,0,1,0,0,0,1);es="Linear";ed="In";};["LThumbNb_end"]={cf=cfr(6.44,-4.478,-2.593,.25,.968,-.025,-.529,.158,.834,.811,-.195,.551);es="Linear";ed="In";};["ReflectorN_end"]={cf=cfr(.593,-2.703,.268,.737,-.196,-.647,.007,.959,-.282,.676,.204,.709);es="Linear";ed="In";};["RHaveN"]={cf=cfr(-1.053,-3.689,1.624,.461,.363,.81,-.017,.916,-.4,-.887,.171,.428);es="Linear";ed="In";};["ThrowN_end"]={cf=cfr(0,0,0,1,0,0,0,1,0,0,0,1);es="Linear";ed="In";};["BlasterM"]={cf=cfr(0,0,0,1,0,0,0,1,0,0,0,1);es="Linear";ed="In";};["BlinkHalfM"]={cf=cfr(0,0,0,1,0,0,0,1,0,0,0,1);es="Linear";ed="In";};["R4thNb_end"]={cf=cfr(-.879,.003,-4.033,.429,.887,.17,.715,-.448,.537,.553,-.109,-.826);es="Linear";ed="In";};["RSSabN_end"]={cf=cfr(.007,1.165,3.139,.87,.236,-.433,-.068,.927,.369,.488,-.291,.823);es="Linear";ed="In";};["BackN_end"]={cf=cfr(.346,-2.055,-.119,.737,-.577,-.352,.36,.776,-.518,.572,.255,.78);es="Linear";ed="In";};["OuchM"]={cf=cfr(0,0,0,1,0,0,0,1,0,0,0,1);es="Linear";ed="In";};["BlinkM_end"]={cf=cfr(0,0,0,1,0,0,0,1,0,0,0,1);es="Linear";ed="In";};["OuchM_end"]={cf=cfr(0,0,0,1,0,0,0,1,0,0,0,1);es="Linear";ed="In";};["LHandNb_end"]={cf=cfr(4.033,-4.971,1.352,.495,.632,-.596,-.825,.127,-.551,-.272,.764,.584);es="Linear";ed="In";};["FitFox00.ao"]={cf=cfr(0,0,0,1,0,0,0,1,0,0,0,1);es="Linear";ed="In";};["RootNode"]={cf=cfr(0,0,0,-1,0,0,0,1,0,0,0,-1);es="Linear";ed="In";};["LToeN_end"]={cf=cfr(3.423,-1.579,.427,.416,.902,-.116,-.9,.39,-.197,-.132,.187,.974);es="Linear";ed="In";};["TailNc_end"]={cf=cfr(1.26,1.512,1.673,.816,-.054,.576,.578,.125,-.807,-.028,.991,.133);es="Linear";ed="In";};["RHaveN_end"]={cf=cfr(0,0,0,1,0,0,0,1,0,0,0,1);es="Linear";ed="In";};["R1stNb_end"]={cf=cfr(-1.506,.178,3.391,.428,.887,.173,-.898,.396,.189,.099,-.237,.967);es="Linear";ed="In";};["LHaveN_end"]={cf=cfr(0,0,0,1,0,0,0,1,0,0,0,1);es="Linear";ed="In";};["LHaveN"]={cf=cfr(5.47,4.212,1.71,-.158,.508,.847,-.455,.723,-.519,-.876,-.468,.117);es="Linear";ed="In";};["FaceM"]={cf=cfr(0,0,0,1,0,0,0,1,0,0,0,1);es="Linear";ed="In";};["ScopeN_end"]={cf=cfr(-.899,.782,3.539,.993,.01,-.116,-.009,1,.015,.116,-.014,.993);es="Linear";ed="In";};["L1stNb_end"]={cf=cfr(3.405,-8.5,-2.442,.096,.882,.462,-.613,-.313,.725,.784,-.353,.511);es="Linear";ed="In";};["RHandNb_end"]={cf=cfr(-3.813,-1.193,1.573,.972,.227,.066,-.078,.573,-.816,-.223,.788,.574);es="Linear";ed="In";};["RToeN_end"]={cf=cfr(-.159,2.827,.62,-.15,-.988,-.035,.976,-.142,-.163,.156,-.059,.986);es="Linear";ed="In";};["RASabN_end"]={cf=cfr(.072,-.416,4.402,.737,.585,-.339,-.59,.801,.101,.331,.126,.935);es="Linear";ed="In";};["R2ndNb_end"]={cf=cfr(-1.457,1.394,2.919,.431,.889,.155,-.834,.327,.445,.345,-.321,.882);es="Linear";ed="In";};["LASabN_end"]={cf=cfr(2.311,-2.542,-2.694,.516,.83,-.211,-.589,.522,.617,.622,-.194,.758);es="Linear";ed="In";};["ThrowN"]={cf=cfr(-.282,0,0,1,0,0,0,1,0,0,0,1);es="Linear";ed="In";};["L4thNb_end"]={cf=cfr(2.53,2.576,7.46,.132,.878,.46,.989,-.089,-.114,-.059,.47,-.881);es="Linear";ed="In";};["MouthN_end"]={cf=cfr(.22,1.267,-3.257,.988,-.011,-.157,-.002,.997,-.082,.157,.081,.984);es="Linear";ed="In";};};{tm=.167;["BlinkM"]={cf=cfr(0,0,0,1,0,0,0,1,0,0,0,1);es="Linear";ed="In";};["BlinkHalfM_end"]={cf=cfr(0,0,0,1,0,0,0,1,0,0,0,1);es="Linear";ed="In";};["R3rdNb_end"]={cf=cfr(-1.158,1.618,-3.028,.428,.887,.175,.431,-.37,.823,.794,-.277,-.541);es="Linear";ed="In";};["EyeYellowM_end"]={cf=cfr(0,0,0,1,0,0,0,1,0,0,0,1);es="Linear";ed="In";};["L3rdNb_end"]={cf=cfr(2.839,-2.937,8.043,.122,.875,.468,.797,-.367,.479,.591,.315,-.742);es="Linear";ed="In";};["FitFox00.mo"]={cf=cfr(0,0,0,1,0,0,0,1,0,0,0,1);es="Linear";ed="In";};["TopN"]={cf=cfr(0,0,0,1,0,0,0,1,0,0,0,1);es="Linear";ed="In";};["TransN"]={cf=cfr(0,0,0,1,0,0,0,1,0,0,0,1);es="Linear";ed="In";};["XRotN"]={cf=cfr(.282,0,0,1,0,0,0,1,0,0,0,1);es="Linear";ed="In";};["YRotN"]={cf=cfr(0,0,0,1,0,0,0,1,0,0,0,1);es="Linear";ed="In";};["HipN"]={cf=cfr(.628,.331,4.223,.976,.211,-.059,-.203,.972,.12,.083,-.106,.991);es="Linear";ed="In";};["LLegJ"]={cf=cfr(0,0,0,-.275,-.039,-.961,-.228,.973,.026,.934,.226,-.276);es="Linear";ed="In";};["LKneeJ"]={cf=cfr(0,0,0,-.173,.022,.985,.054,.998,-.013,-.983,.051,-.174);es="Linear";ed="In";};["LFootJ"]={cf=cfr(0,0,0,.973,-.149,.176,.127,.983,.129,-.192,-.103,.976);es="Linear";ed="In";};["LToeN"]={cf=cfr(0,0,0,1,.001,-.004,-.001,1,-.001,.004,.001,1);es="Linear";ed="In";};["RLegJ"]={cf=cfr(0,0,0,.909,.226,.349,-.404,.675,.617,-.097,-.702,.705);es="Linear";ed="In";};["RKneeJ"]={cf=cfr(0,0,0,-.14,-.081,.987,.25,.961,.114,-.958,.263,-.114);es="Linear";ed="In";};["RFootJ"]={cf=cfr(0,0,0,.858,-.459,-.231,.144,.646,-.749,.493,.609,.621);es="Linear";ed="In";};["RToeN"]={cf=cfr(0,0,0,.353,.004,-.936,.082,.996,.036,.932,-.09,.351);es="Linear";ed="In";};["WaistN"]={cf=cfr(0,0,0,.755,.177,.632,-.416,.874,.251,-.508,-.452,.733);es="Linear";ed="In";};["BustN"]={cf=cfr(0,0,0,.869,.083,.488,-.259,.916,.306,-.422,-.392,.818);es="Linear";ed="In";};["RShoulderN"]={cf=cfr(0,0,0,.994,-.056,.098,-.011,.819,.574,-.112,-.571,.813);es="Linear";ed="In";};["RShoulderJ"]={cf=cfr(0,0,0,-.129,-.428,-.894,.264,.855,-.447,.956,-.294,.003);es="Linear";ed="In";};["RArmJ"]={cf=cfr(0,0,0,.901,-.434,.005,.434,.901,-.009,0,.01,1);es="Linear";ed="In";};["RHandN"]={cf=cfr(0,0,0,.773,-.381,.507,.356,.922,.15,-.524,.064,.849);es="Linear";ed="In";};["RThumbNa"]={cf=cfr(0,0,0,.709,-.354,.61,.516,.85,-.105,-.482,.389,.785);es="Linear";ed="In";};["RThumbNb"]={cf=cfr(0,0,0,.88,.368,-.299,-.365,.928,.068,.303,.049,.952);es="Linear";ed="In";};["R2ndNa"]={cf=cfr(0,0,0,1,.002,.008,.002,.9,-.435,-.008,.435,.9);es="Linear";ed="In";};["R2ndNb"]={cf=cfr(0,0,0,1,0,0,0,.818,-.575,0,.575,.818);es="Linear";ed="In";};["R1stNa"]={c