-- // converted using mech's animoduler
local cfr = CFrame.new

return {{tm=0;["BlinkM"]={cf=cfr(0,0,0,1,0,0,0,1,0,0,0,1);es="Linear";ed="In";};["BlinkHalfM_end"]={cf=cfr(0,0,0,1,0,0,0,1,0,0,0,1);es="Linear";ed="In";};["R3rdNb_end"]={cf=cfr(3.984,1.774,3.039,.996,.076,-.04,.073,-.49,.869,.047,-.869,-.493);es="Linear";ed="In";};["EyeYellowM_end"]={cf=cfr(0,0,0,1,0,0,0,1,0,0,0,1);es="Linear";ed="In";};["L3rdNb_end"]={cf=cfr(-7.332,5.698,8.755,-.812,-.277,.514,.124,.779,.615,-.571,.563,-.598);es="Linear";ed="In";};["FitFox00.mo"]={cf=cfr(0,0,0,1,0,0,0,1,0,0,0,1);es="Linear";ed="In";};["TopN"]={cf=cfr(0,0,0,1,0,0,0,1,0,0,0,1);es="Linear";ed="In";};["TransN"]={cf=cfr(0,0,0,1,0,0,0,1,0,0,0,1);es="Linear";ed="In";};["XRotN"]={cf=cfr(.282,0,0,1,0,0,0,1,0,0,0,1);es="Linear";ed="In";};["YRotN"]={cf=cfr(0,0,0,1,0,0,0,1,0,0,0,1);es="Linear";ed="In";};["HipN"]={cf=cfr(.56,1.028,1.785,-.166,-.982,-.086,.985,-.168,.024,-.038,-.08,.996);es="Linear";ed="In";};["LLegJ"]={cf=cfr(0,0,0,.464,.14,-.875,.183,.951,.25,.867,-.276,.416);es="Linear";ed="In";};["LKneeJ"]={cf=cfr(0,0,0,.455,-.308,.836,.327,.931,.164,-.828,.198,.524);es="Linear";ed="In";};["LFootJ"]={cf=cfr(0,0,0,.872,-.115,.476,.32,.87,-.376,-.37,.48,.795);es="Linear";ed="In";};["LToeN"]={cf=cfr(0,0,0,.912,-.005,-.411,.008,1,.005,.411,-.008,.912);es="Linear";ed="In";};["RLegJ"]={cf=cfr(0,0,0,.8,.322,-.506,-.118,.912,.393,.588,-.255,.767);es="Linear";ed="In";};["RKneeJ"]={cf=cfr(0,0,0,.04,.073,.997,-.113,.991,-.068,-.993,-.11,.048);es="Linear";ed="In";};["RFootJ"]={cf=cfr(0,0,0,.923,.131,-.361,-.284,.866,-.412,.258,.483,.837);es="Linear";ed="In";};["RToeN"]={cf=cfr(0,0,0,.875,-.046,-.482,.051,.999,-.003,.482,-.022,.876);es="Linear";ed="In";};["WaistN"]={cf=cfr(0,0,0,.992,-.084,.093,.082,.996,.021,-.094,-.013,.995);es="Linear";ed="In";};["BustN"]={cf=cfr(0,0,0,.974,-.027,.224,.091,.956,-.278,-.206,.291,.934);es="Linear";ed="In";};["RShoulderN"]={cf=cfr(0,0,0,.937,-.332,-.106,.348,.915,.206,.029,-.23,.973);es="Linear";ed="In";};["RShoulderJ"]={cf=cfr(0,0,0,.831,-.336,-.443,.133,.894,-.428,.54,.296,.788);es="Linear";ed="In";};["RArmJ"]={cf=cfr(0,0,0,.209,-.978,-.002,.978,.209,0,0,-.002,1);es="Linear";ed="In";};["RHandN"]={cf=cfr(0,0,0,.975,-.014,.221,-.07,.928,.367,-.21,-.373,.904);es="Linear";ed="In";};["RThumbNa"]={cf=cfr(0,0,0,.965,-.263,-.004,.262,.961,-.086,.027,.082,.996);es="Linear";ed="In";};["RThumbNb"]={cf=cfr(0,0,0,.732,.682,0,-.682,.732,0,0,0,1);es="Linear";ed="In";};["R2ndNa"]={cf=cfr(0,0,0,1,.002,.016,.004,.944,-.329,-.016,.329,.944);es="Linear";ed="In";};["R2ndNb"]={cf=cfr(0,0,0,1,0,0,0,.881,-.473,0,.473,.881);es="Linear";ed="In";};["R1stNa"]={cf=cfr(0,0,0,1,0,-.003,-.001,.998,-.068,.003,.068,.998);es="Linear";ed="In";};["R1stNb"]={cf=cfr(0,0,0,1,0,0,0,.881,-.473,0,.473,.881);es="Linear";ed="In";};["R3rdNa"]={cf=cfr(0,0,0,1,-.001,-.004,-.001,.849,-.528,.004,.528,.849);es="Linear";ed="In";};["R3rdNb"]={cf=cfr(0,0,0,1,0,0,0,-.43,-.903,0,.903,-.43);es="Linear";ed="In";};["RHandNb"]={cf=cfr(.032,.003,-.001,.941,-.335,.056,.335,.942,.002,-.053,.016,.998);es="Linear";ed="In";};["R4thNa"]={cf=cfr(0,0,0,1,0,.001,0,.771,-.637,-.001,.637,.771);es="Linear";ed="In";};["R4thNb"]={cf=cfr(0,0,0,1,0,0,0,-.664,-.748,0,.748,-.664);es="Linear";ed="In";};["RASabN"]={cf=cfr(.064,-.52,-.001,.753,.473,.458,-.401,.881,-.251,-.522,.005,.853);es="Linear";ed="In";};["RSSabN"]={cf=cfr(0,0,0,.853,-.002,.522,-.002,1,.006,-.522,-.006,.853);es="Linear";ed="In";};["NeckN"]={cf=cfr(0,0,0,.85,.428,-.306,-.491,.855,-.169,.19,.294,.937);es="Linear";ed="In";};["HeadN"]={cf=cfr(0,0,0,.432,.901,-.041,-.892,.433,.13,.135,-.02,.991);es="Linear";ed="In";};["ScopeN"]={cf=cfr(0,0,0,1,0,0,0,1,0,0,0,1);es="Linear";ed="In";};["MouthN"]={cf=cfr(0,0,0,.997,0,.077,0,1,0,-.077,0,.997);es="Linear";ed="In";};["LShoulderN"]={cf=cfr(0,0,0,.99,-.138,-.024,.139,.989,.052,.017,-.055,.998);es="Linear";ed="In";};["LShoulderJ"]={cf=cfr(0,0,0,.883,.098,-.458,-.377,.73,-.57,.278,.677,.682);es="Linear";ed="In";};["LArmJ"]={cf=cfr(0,0,0,.145,-.989,.001,.989,.145,-.002,.001,.001,1);es="Linear";ed="In";};["LHandN"]={cf=cfr(0,0,0,.854,-.25,.457,.433,.827,-.358,-.289,.503,.814);es="Linear";ed="In";};["LThumbNa"]={cf=cfr(0,0,0,.965,-.182,.19,.243,.893,-.38,-.1,.413,.905);es="Linear";ed="In";};["LThumbNb"]={cf=cfr(0,0,0,.749,.663,0,-.663,.749,0,0,0,1);es="Linear";ed="In";};["L3rdNa"]={cf=cfr(0,0,0,1,0,0,0,1,0,0,0,1);es="Linear";ed="In";};["L3rdNb"]={cf=cfr(0,0,0,1,0,0,0,-.397,-.918,0,.918,-.397);es="Linear";ed="In";};["L2ndNa"]={cf=cfr(0,0,0,1,0,.009,.001,.982,-.187,-.009,.187,.982);es="Linear";ed="In";};["L2ndNb"]={cf=cfr(0,0,0,1,0,0,0,.799,-.601,0,.601,.799);es="Linear";ed="In";};["L1stNa"]={cf=cfr(0,0,0,1,-.004,.012,0,.957,.29,-.013,-.29,.957);es="Linear";ed="In";};["L1stNb"]={cf=cfr(0,0,0,1,0,0,0,.806,-.592,0,.592,.806);es="Linear";ed="In";};["LHandNb"]={cf=cfr(.047,-.018,.032,.856,.482,-.185,-.516,.81,-.279,.015,.335,.942);es="Linear";ed="In";};["L4thNa"]={cf=cfr(0,0,0,1,0,.001,.001,.591,-.807,-.001,.807,.591);es="Linear";ed="In";};["L4thNb"]={cf=cfr(0,0,0,1,0,0,0,-.187,-.982,0,.982,-.187);es="Linear";ed="In";};["LASabN"]={cf=cfr(-.049,.542,0,.79,.489,.37,-.44,.872,-.213,-.427,.006,.904);es="Linear";ed="In";};["LSSabN"]={cf=cfr(0,0,0,.902,-.001,.431,-.001,1,.005,-.431,-.005,.902);es="Linear";ed="In";};["BackN"]={cf=cfr(0,0,0,1,0,0,0,1,0,0,0,1);es="Linear";ed="In";};["ReflectorN"]={cf=cfr(0,0,0,1,0,0,0,1,0,0,0,1);es="Linear";ed="In";};["TailNa"]={cf=cfr(0,0,0,.645,.73,.225,-.748,.664,-.012,-.159,-.16,.974);es="Linear";ed="In";};["TailNb"]={cf=cfr(0,0,0,.891,.454,0,-.392,.77,.503,.228,-.448,.864);es="Linear";ed="In";};["TailNc"]={cf=cfr(0,0,0,.871,.491,0,-.413,.733,.541,.266,-.471,.841);es="Linear";ed="In";};["LSSabN_end"]={cf=cfr(2.845,-3.316,.749,-.335,.872,-.357,-.665,.049,.745,.667,.487,.563);es="Linear";ed="In";};["FaceM_end"]={cf=cfr(0,0,0,1,0,0,0,1,0,0,0,1);es="Linear";ed="In";};["BlasterM_end"]={cf=cfr(0,0,0,1,0,0,0,1,0,0,0,1);es="Linear";ed="In";};["L2ndNb_end"]={cf=cfr(-6.777,-6.543,9.682,-.814,-.283,.507,.567,-.194,.801,-.128,.939,.318);es="Linear";ed="In";};["RThumbNb_end"]={cf=cfr(5.341,-2.699,-.498,.922,-.359,.144,.386,.848,-.362,.008,.389,.921);es="Linear";ed="In";};["FacePattern"]={cf=cfr(0,0,0,1,0,0,0,1,0,0,0,1);es="Linear";ed="In";};["EyeYellowM"]={cf=cfr(0,0,0,1,0,0,0,1,0,0,0,1);es="Linear";ed="In";};["LThumbNb_end"]={cf=cfr(-.517,-10.80,4.12,-.997,-.066,.03,.068,-.706,.705,-.026,.706,.708);es="Linear";ed="In";};["ReflectorN_end"]={cf=cfr(-.839,-1.982,1.214,-.069,-.378,-.923,-.274,.897,-.347,.959,.229,-.166);es="Linear";ed="In";};["RHaveN"]={cf=cfr(-4.642,1.412,-3.981,.881,.465,.088,-.467,.884,.004,-.076,-.045,.996);es="Linear";ed="In";};["ThrowN_end"]={cf=cfr(0,0,0,1,0,0,0,1,0,0,0,1);es="Linear";ed="In";};["BlasterM"]={cf=cfr(0,0,0,1,0,0,0,1,0,0,0,1);es="Linear";ed="In";};["BlinkHalfM"]={cf=cfr(0,0,0,1,0,0,0,1,0,0,0,1);es="Linear";ed="In";};["R4thNb_end"]={cf=cfr(3.995,2.803,1.583,.996,.075,-.045,.088,-.799,.595,.009,-.597,-.802);es="Linear";ed="In";};["RSSabN_end"]={cf=cfr(1.89,1.136,1.979,.387,-.831,-.399,.921,.368,.127,.041,-.417,.908);es="Linear";ed="In";};["BackN_end"]={cf=cfr(-2.269,-1.85,.86,-.294,-.346,-.891,.102,.915,-.389,.95,-.205,-.234);es="Linear";ed="In";};["OuchM"]={cf=cfr(0,0,0,1,0,0,0,1,0,0,0,1);es="Linear";ed="In";};["BlinkM_end"]={cf=cfr(0,0,0,1,0,0,0,1,0,0,0,1);es="Linear";ed="In";};["OuchM_end"]={cf=cfr(0,0,0,1,0,0,0,1,0,0,0,1);es="Linear";ed="In";};["LHandNb_end"]={cf=cfr(.123,-10.24,-2.883,.528,-.192,-.827,-.323,-.946,.013,-.785,.26,-.562);es="Linear";ed="In";};["FitFox00.ao"]={cf=cfr(0,0,0,1,0,0,0,1,0,0,0,1);es="Linear";ed="In";};["RootNode"]={cf=cfr(0,0,0,-1,0,0,0,1,0,0,0,-1);es="Linear";ed="In";};["LToeN_end"]={cf=cfr(3.37,-4.351,.791,-.451,.876,-.17,-.888,-.46,-.018,-.094,.142,.985);es="Linear";ed="In";};["TailNc_end"]={cf=cfr(4.541,3.37,.228,.649,.199,.735,.524,.584,-.62,-.552,.787,.275);es="Linear";ed="In";};["RHaveN_end"]={cf=cfr(0,0,0,1,0,0,0,1,0,0,0,1);es="Linear";ed="In";};["R1stNb_end"]={cf=cfr(3.986,-5.004,1.025,.996,.076,-.042,-.073,.994,.076,.047,-.073,.996);es="Linear";ed="In";};["LHaveN_end"]={cf=cfr(0,0,0,1,0,0,0,1,0,0,0,1);es="Linear";ed="In";};["LHaveN"]={cf=cfr(8.566,-1.711,-6.398,-.826,.304,-.475,.491,.802,-.341,.277,-.514,-.812);es="Linear";ed="In";};["FaceM"]={cf=cfr(0,0,0,1,0,0,0,1,0,0,0,1);es="Linear";ed="In";};["ScopeN_end"]={cf=cfr(-.398,.65,2.535,.954,-.163,-.254,.15,.986,-.07,.261,.028,.965);es="Linear";ed="In";};["L1stNb_end"]={cf=cfr(-6.16,-10.46,5.975,-.816,-.283,.504,.558,-.617,.555,.154,.734,.661);es="Linear";ed="In";};["RHandNb_end"]={cf=cfr(-.822,-5.091,4.065,.986,-.126,-.108,.107,.98,-.169,.128,.155,.98);es="Linear";ed="In";};["RToeN_end"]={cf=cfr(-1.69,2.628,.025,-.867,-.499,-.004,.499,-.866,-.017,.005,-.017,1);es="Linear";ed="In";};["RASabN_end"]={cf=cfr(4.455,-2.203,3.347,.883,-.311,-.352,.328,.945,-.012,.336,-.105,.936);es="Linear";ed="In";};["R2ndNb_end"]={cf=cfr(3.986,-4.485,2.19,.996,.071,-.061,-.047,.941,.336,.081,-.332,.94);es="Linear";ed="In";};["LASabN_end"]={cf=cfr(-.146,-7.492,-.49,-.803,.556,.213,-.387,-.759,.524,.454,.338,.824);es="Linear";ed="In";};["ThrowN"]={cf=cfr(-.282,0,0,1,0,0,0,1,0,0,0,1);es="Linear";ed="In";};["L4thNb_end"]={cf=cfr(-7.999,9.137,2.179,-.812,-.278,.514,-.283,.957,.071,-.511,-.088,-.855);es="Linear";ed="In";};["MouthN_end"]={cf=cfr(-.007,.638,-2.134,.939,.151,-.309,-.187,.978,-.09,.288,.142,.947);es="Linear";ed="In";};};{tm=.042;["BlinkM"]={cf=cfr(0,0,0,1,0,0,0,1,0,0,0,1);es="Linear";ed="In";};["BlinkHalfM_end"]={cf=cfr(0,0,0,1,0,0,0,1,0,0,0,1);es="Linear";ed="In";};["R3rdNb_end"]={cf=cfr(3.984,1.774,3.039,.996,.076,-.04,.073,-.49,.869,.047,-.869,-.493);es="Linear";ed="In";};["EyeYellowM_end"]={cf=cfr(0,0,0,1,0,0,0,1,0,0,0,1);es="Linear";ed="In";};["L3rdNb_end"]={cf=cfr(-7.332,5.698,8.755,-.812,-.277,.514,.124,.779,.615,-.571,.563,-.598);es="Linear";ed="In";};["FitFox00.mo"]={cf=cfr(0,0,0,1,0,0,0,1,0,0,0,1);es="Linear";ed="In";};["TopN"]={cf=cfr(0,0,0,1,0,0,0,1,0,0,0,1);es="Linear";ed="In";};["TransN"]={cf=cfr(0,0,0,1,0,0,0,1,0,0,0,1);es="Linear";ed="In";};["XRotN"]={cf=cfr(.282,0,0,1,0,0,0,1,0,0,0,1);es="Linear";ed="In";};["YRotN"]={cf=cfr(0,0,0,1,0,0,0,1,0,0,0,1);es="Linear";ed="In";};["HipN"]={cf=cfr(.555,1.033,1.777,-.172,-.981,-.087,.984,-.175,.023,-.038,-.081,.996);es="Linear";ed="In";};["LLegJ"]={cf=cfr(0,0,0,.465,.142,-.874,.185,.95,.252,.866,-.279,.416);es="Linear";ed="In";};["LKneeJ"]={cf=cfr(0,0,0,.445,-.305,.842,.323,.931,.167,-.835,.198,.513);es="Linear";ed="In";};["LFootJ"]={cf=cfr(0,0,0,.878,-.122,.462,.318,.871,-.374,-.357,.475,.804);es="Linear";ed="In";};["LToeN"]={cf=cfr(0,0,0,.913,-.005,-.407,.008,1,.005,.407,-.008,.913);es="Linear";ed="In";};["RLegJ"]={cf=cfr(0,0,0,.796,.321,-.513,-.113,.912,.395,.594,-.256,.762);es="Linear";ed="In";};["RKneeJ"]={cf=cfr(0,0,0,.024,.07,.997,-.105,.992,-.067,-.994,-.103,.031);es="Linear";ed="In";};["RFootJ"]={cf=cfr(0,0,0,.926,.121,-.359,-.275,.865,-.419,.26,.487,.834);es="Linear";ed="In";};["RToeN"]={cf=cfr(0,0,0,.867,-.033,-.498,.043,.999,.009,.497,-.029,.867);es="Linear";ed="In";};["WaistN"]={cf=cfr(0,0,0,.992,-.084,.093,.082,.996,.021,-.094,-.013,.995);es="Linear";ed="In";};["BustN"]={cf=cfr(0,0,0,.975,-.022,.223,.085,.956,-.28,-.207,.292,.934);es="Linear";ed="In";};["RShoulderN"]={cf=cfr(0,0,0,.937,-.332,-.105,.347,.916,.202,.03,-.226,.974);es="Linear";ed="In";};["RShoulderJ"]={cf=cfr(0,0,0,.833,-.322,-.45,.121,.899,-.42,.54,.296,.788);es="Linear";ed="In";};["RArmJ"]={cf=cfr(0,0,0,.204,-.979,-.002,.979,.204,0,0,-.002,1);es="Linear";ed="In";};["RHandN"]={cf=cfr(0,0,0,.973,-.003,.229,-.079,.934,.349,-.215,-.358,.909);es="Linear";ed="In";};["RThumbNa"]={cf=cfr(0,0,0,.965,-.263,-.004,.262,.961,-.086,.027,.082,.996);es="Linear";ed="In";};["RThumbNb"]={cf=cfr(0,0,0,.732,.682,0,-.682,.732,0,0,0,1);es="Linear";ed="In";};["R2ndNa"]={cf=cfr(0,0,0,1,.002,.016,.004,.944,-.329,-.016,.329,.944);es="Linear";ed="In";};["R2ndNb"]={cf=cfr(0,0,0,1,0,0,0,.881,-.473,0,.473,.881);es="Linear";ed="In";};["R1stNa"]={cf=cfr(0,0,0,1,0,-.003,-.001,.998,-.068,.003,.068,.998);es="Linear";ed="In";};["R1stNb"]={cf=cfr(0,0,0,1,0,0,0,.881,-.473,0,.473,.881);es="Linear";ed="In";};["R3rdNa"]={cf=cfr(0,0,0,1,-.001,-.004,-.001,.849,-.528,.004,.528,.849);es="Linear";ed="In";};["R3rdNb"]={cf=cfr(0,0,0,1,0,0,0,-.43,-.903,0,.903,-.43);es="Linear";ed="In";};["RHandNb"]={cf=cfr(.032,.003,-.002,.946,-.32,.049,.32,.947,.015,-.051,.001,.999);es="Linear";ed="In";};["R4thNa"]={cf=cfr(0,0,0,1,0,.001,0,.771,-.637,-.001,.637,.771);es="Linear";ed="In";};["R4thNb"]={cf=cfr(0,0,0,1,0,0,0,-.664,-.748,0,.748,-.664);es="Linear";ed="In";};["RASabN"]={cf=cfr(.064,-.517,-.001,.751,.474,.46,-.401,.881,-.253,-.525,.005,.851);es="Linear";ed="In";};["RSSabN"]={cf=cfr(0,0,0,.852,-.002,.524,-.002,1,.006,-.524,-.006,.852);es="Linear";ed="In";};["NeckN"]={cf=cfr(0,0,0,.85,.429,-.307,-.492,.854,-.169,.19,.294,.937);es="Linear";ed="In";};["HeadN"]={cf=cfr(0,0,0,.431,.901,-.041,-.892,.433,.13,.135,-.019,.991);es="Linear";ed="In";};["ScopeN"]={cf=cfr(0,0,0,1,0,0,0,1,0,0,0,1);es="Linear";ed="In";};["MouthN"]={cf=cfr(0,0,0,.997,0,.072,0,1,0,-.072,0,.997);es="Linear";ed="In";};["LShoulderN"]={cf=cfr(0,0,0,.99,-.137,-.025,.139,.989,.05,.018,-.053,.998);es="Linear";ed="In";};["LShoulderJ"]={cf=cfr(0,0,0,.884,.08,-.461,-.364,.736,-.57,.294,.672,.68);es="Linear";ed="In";};["LArmJ"]={cf=cfr(0,0,0,.157,-.988,.001,.988,.157,-.003,.003,.001,1);es="Linear";ed="In";};["LHandN"]={cf=cfr(0,0,0,.852,-.245,.463,.44,.813,-.381,-.283,.528,.8);es="Linear";ed="In";};["LThumbNa"]={cf=cfr(0,0,0,.965,-.182,.19,.243,.893,-.38,-.1,.413,.905);es="Linear";ed="In";};["LThumbNb"]={cf=cfr(0,0,0,.749,.663,0,-.663,.749,0,0,0,1);es="Linear";ed="In";};["L3rdNa"]={cf=cfr(0,0,0,1,0,0,0,1,0,0,0,1);es="Linear";ed="In";};["L3rdNb"]={cf=cfr(0,0,0,1,0,0,0,-.397,-.918,0,.918,-.397);es="Linear";ed="In";};["L2ndNa"]={cf=cfr(0,0,0,1,0,.009,.001,.982,-.187,-.009,.187,.982);es="Linear";ed="In";};["L2ndNb"]={cf=cfr(0,0,0,1,0,0,0,.799,-.601,0,.601,.799);es="Linear";ed="In";};["L1stNa"]={cf=cfr(0,0,0,1,-.004,.012,0,.957,.29,-.013,-.29,.957);es="Linear";ed="In";};["L1stNb"]={cf=cfr(0,0,0,1,0,0,0,.806,-.592,0,.592,.806);es="Linear";ed="In";};["LHandNb"]={cf=cfr(.044,-.017,.032,.84,.506,-.195,-.542,.794,-.276,.014,.338,.941);es="Linear";ed="In";};["L4thNa"]={cf=cfr(0,0,0,1,0,.001,.001,.591,-.807,-.001,.807,.591);es="Linear";ed="In";};["L4thNb"]={cf=cfr(0,0,0,1,0,0,0,-.187,-.982,0,.982,-.187);es="Linear";ed="In";};["LASabN"]={cf=cfr(-.054,.539,0,.786,.484,.384,-.432,.875,-.218,-.442,.006,.897);es="Linear";ed="In";};["LSSabN"]={cf=cfr(0,0,0,.895,-.001,.446,-.001,1,.005,-.446,-.005,.895);es="Linear";ed="In";};["BackN"]={cf=cfr(0,0,0,1,0,0,0,1,0,0,0,1);es="Linear";ed="In";};["ReflectorN"]={cf=cfr(0,0,0,1,0,0,0,1,0,0,0,1);es="Linear";ed="In";};["TailNa"]={cf=cfr(0,0,0,.655,.735,.176,-.747,.665,.006,-.112,-.135,.984);es="Linear";ed="In";};["TailNb"]={cf=cfr(0,0,0,.891,.454,0,-.401,.787,.469,.213,-.418,.883);es="Linear";ed="In";};["TailNc"]={cf=cfr(0,0,0,.871,.491,0,-.422,.749,.511,.251,-.445,.86);es="Linear";ed="In";};["LSSabN_end"]={cf=cfr(2.845,-3.316,.749,-.335,.872,-.357,-.665,.049,.745,.667,.487,.563);es="Linear";ed="In";};["FaceM_end"]={cf=cfr(0,0,0,1,0,0,0,1,0,0,0,1);es="Linear";ed="In";};["BlasterM_end"]={cf=cfr(0,0,0,1,0,0,0,1,0,0,0,1);es="Linear";ed="In";};["L2ndNb_end"]={cf=cfr(-6.777,-6.543,9.682,-.814,-.283,.507,.567,-.194,.801,-.128,.939,.318);es="Linear";ed="In";};["RThumbNb_end"]={cf=cfr(5.341,-2.699,-.498,.922,-.359,.144,.386,.848,-.362,.008,.389,.921);es="Linear";ed="In";};["FacePattern"]={cf=cfr(0,0,0,1,0,0,0,1,0,0,0,1);es="Linear";ed="In";};["EyeYellowM"]={cf=cfr(0,0,0,1,0,0,0,1,0,0,0,1);es="Linear";ed="In";};["LThumbNb_end"]={cf=cfr(-.517,-10.80,4.12,-.997,-.066,.03,.068,-.706,.705,-.026,.706,.708);es="Linear";ed="In";};["ReflectorN_end"]={cf=cfr(-.839,-1.982,1.214,-.069,-.378,-.923,-.274,.897,-.347,.959,.229,-.166);es="Linear";ed="In";};["RHaveN"]={cf=cfr(-4.642,1.412,-3.981,.881,.465,.088,-.467,.884,.004,-.076,-.045,.996);es="Linear";ed="In";};["ThrowN_end"]={cf=cfr(0,0,0,1,0,0,0,1,0,0,0,1);es="Linear";ed="In";};["BlasterM"]={cf=cfr(0,0,0,1,0,0,0,1,0,0,0,1);es="Linear";ed="In";};["BlinkHalfM"]={cf=cfr(0,0,0,1,0,0,0,1,0,0,0,1);es="Linear";ed="In";};["R4thNb_end"]={cf=cfr(3.995,2.803,1.583,.996,.075,-.045,.088,-.799,.595,.009,-.597,-.802);es="Linear";ed="In";};["RSSabN_end"]={cf=cfr(1.89,1.136,1.979,.387,-.831,-.399,.921,.368,.127,.041,-.417,.908);es="Linear";ed="In";};["BackN_end"]={cf=cfr(-2.269,-1.85,.86,-.294,-.346,-.891,.102,.915,-.389,.95,-.205,-.234);es="Linear";ed="In";};["OuchM"]={cf=cfr(0,0,0,1,0,0,0,1,0,0,0,1);es="Linear";ed="In";};["BlinkM_end"]={cf=cfr(0,0,0,1,0,0,0,1,0,0,0,1);es="Linear";ed="In";};["OuchM_end"]={cf=cfr(0,0,0,1,0,0,0,1,0,0,0,1);es="Linear";ed="In";};["LHandNb_end"]={cf=cfr(.123,-10.24,-2.883,.528,-.192,-.827,-.323,-.946,.013,-.785,.26,-.562);es="Linear";ed="In";};["FitFox00.ao"]={cf=cfr(0,0,0,1,0,0,0,1,0,0,0,1);es="Linear";ed="In";};["RootNode"]={cf=cfr(0,0,0,-1,0,0,0,1,0,0,0,-1);es="Linear";ed="In";};["LToeN_end"]={cf=cfr(3.37,-4.351,.791,-.451,.876,-.17,-.888,-.46,-.018,-.094,.142,.985);es="Linear";ed="In";};["TailNc_end"]={cf=cfr(4.541,3.37,.228,.649,.199,.735,.524,.584,-.62,-.552,.787,.275);es="Linear";ed="In";};["RHaveN_end"]={cf=cfr(0,0,0,1,0,0,0,1,0,0,0,1);es="Linear";ed="In";};["R1stNb_end"]={cf=cfr(3.986,-5.004,1.025,.996,.076,-.042,-.073,.994,.076,.047,-.073,.996);es="Linear";ed="In";};["LHaveN_end"]={cf=cfr(0,0,0,1,0,0,0,1,0,0,0,1);es="Linear";ed="In";};["LHaveN"]={cf=cfr(8.566,-1.711,-6.398,-.826,.304,-.475,.491,.802,-.341,.277,-.514,-.812);es="Linear";ed="In";};["FaceM"]={cf=cfr(0,0,0,1,0,0,0,1,0,0,0,1);es="Linear";ed="In";};["ScopeN_end"]={cf=cfr(-.398,.65,2.535,.954,-.163,-.254,.15,.986,-.07,.261,.028,.965);es="Linear";ed="In";};["L1stNb_end"]={cf=cfr(-6.16,-10.46,5.975,-.816,-.283,.504,.558,-.617,.555,.154,.734,.661);es="Linear";ed="In";};["RHandNb_end"]={cf=cfr(-.822,-5.091,4.065,.986,-.126,-.108,.107,.98,-.169,.128,.155,.98);es="Linear";ed="In";};["RToeN_end"]={cf=cfr(-1.69,2.628,.025,-.867,-.499,-.004,.499,-.866,-.017,.005,-.017,1);es="Linear";ed="In";};["RASabN_end"]={cf=cfr(4.455,-2.203,3.347,.883,-.311,-.352,.328,.945,-.012,.336,-.105,.936);es="Linear";ed="In";};["R2ndNb_end"]={cf=cfr(3.986,-4.485,2.19,.996,.071,-.061,-.047,.941,.336,.081,-.332,.94);es="Linear";ed="In";};["LASabN_end"]={cf=cfr(-.146,-7.492,-.49,-.803,.556,.213,-.387,-.759,.524,.454,.338,.824);es="Linear";ed="In";};["ThrowN"]={cf=cfr(-.282,0,0,1,0,0,0,1,0,0,0,1);es="Linear";ed="In";};["L4thNb_end"]={cf=cfr(-7.999,9.137,2.179,-.812,-.278,.514,-.283,.957,.071,-.511,-.088,-.855);es="Linear";ed="In";};["MouthN_end"]={cf=cfr(-.007,.638,-2.134,.939,.151,-.309,-.187,.978,-.09,.288,.142,.947);es="Linear";ed="In";};};{tm=.083;["BlinkM"]={cf=cfr(0,0,0,1,0,0,0,1,0,0,0,1);es="Linear";ed="In";};["BlinkHalfM_end"]={cf=cfr(0,0,0,1,0,0,0,1,0,0,0,1);es="Linear";ed="In";};["R3rdNb_end"]={cf=cfr(3.984,1.774,3.039,.996,.076,-.04,.073,-.49,.869,.047,-.869,-.493);es="Linear";ed="In";};["EyeYellowM_end"]={cf=cfr(0,0,0,1,0,0,0,1,0,0,0,1);es="Linear";ed="In";};["L3rdNb_end"]={cf=cfr(-7.332,5.698,8.755,-.812,-.277,.514,.124,.779,.615,-.571,.563,-.598);es="Linear";ed="In";};["FitFox00.mo"]={cf=cfr(0,0,0,1,0,0,0,1,0,0,0,1);es="Linear";ed="In";};["TopN"]={cf=cfr(0,0,0,1,0,0,0,1,0,0,0,1);es="Linear";ed="In";};["TransN"]={cf=cfr(0,0,0,1,0,0,0,1,0,0,0,1);es="Linear";ed="In";};["XRotN"]={cf=cfr(.282,0,0,1,0,0,0,1,0,0,0,1);es="Linear";ed="In";};["YRotN"]={cf=cfr(0,0,0,1,0,0,0,1,0,0,0,1);es="Linear";ed="In";};["HipN"]={cf=cfr(.55,1.038,1.77,-.179,-.98,-.088,.983,-.181,.022,-.038,-.082,.996);es="Linear";ed="In";};["LLegJ"]={cf=cfr(0,0,0,.467,.143,-.873,.186,.949,.255,.865,-.281,.416);es="Linear";ed="In";};["LKneeJ"]={cf=cfr(0,0,0,.434,-.303,.849,.319,.932,.17,-.843,.197,.501);es="Linear";ed="In";};["LFootJ"]={cf=cfr(0,0,0,.884,-.129,.449,.316,.873,-.371,-.344,.47,.813);es="Linear";ed="In";};["LToeN"]={cf=cfr(0,0,0,.915,-.005,-.403,.008,1,.005,.403,-.008,.915);es="Linear";ed="In";};["RLegJ"]={cf=cfr(0,0,0,.793,.319,-.519,-.108,.912,.395,.599,-.258,.758);es="Linear";ed="In";};["RKneeJ"]={cf=cfr(0,0,0,.015,.065,.998,-.094,.994,-.064,-.995,-.093,.021);es="Linear";ed="In";};["RFootJ"]={cf=cfr(0,0,0,.933,.11,-.344,-.26,.866,-.427,.251,.488,.836);es="Linear";ed="In";};["RToeN"]={cf=cfr(0,0,0,.858,-.02,-.513,.036,.999,.021,.513,-.036,.858);es="Linear";ed="In";};["WaistN"]={cf=cfr(0,0,0,.992,-.084,.093,.082,.996,.021,-.094,-.013,.995);es="Linear";ed="In";};["BustN"]={cf=cfr(0,0,0,.975,-.016,.222,.08,.956,-.282,-.208,.292,.933);es="Linear";ed="In";};["RShoulderN"]={cf=cfr(0,0,0,.937,-.332,-.105,.347,.917,.198,.031,-.222,.975);es="Linear";ed="In";};["RShoulderJ"]={cf=cfr(0,0,0,.835,-.308,-.456,.109,.905,-.411,.539,.293,.789);es="Linear";ed="In";};["RArmJ"]={cf=cfr(0,0,0,.198,-.98,-.002,.98,.198,0,0,-.002,1);es="Linear";ed="In";};["RHandN"]={cf=cfr(0,0,0,.971,.008,.241,-.09,.94,.33,-.224,-.342,.913);es="Linear";ed="In";};["RThumbNa"]={cf=cfr(0,0,0,.965,-.263,-.004,.262,.961,-.086,.027,.082,.996);es="Linear";ed="In";};["RThumbNb"]={cf=cfr(0,0,0,.732,.682,0,-.682,.732,0,0,0,1);es="Linear";ed="In";};["R2ndNa"]={cf=cfr(0,0,0,1,.002,.016,.004,.944,-.329,-.016,.329,.944);es="Linear";ed="In";};["R2ndNb"]={cf=cfr(0,0,0,1,0,0,0,.881,-.473,0,.473,.881);es="Linear";ed="In";};["R1stNa"]={cf=cfr(0,0,0,1,0,-.003,-.001,.998,-.068,.003,.068,.998);es="Linear";ed="In";};["R1stNb"]={cf=cfr(0,0,0,1,0,0,0,.881,-.473,0,.473,.881);es="Linear";ed="In";};["R3rdNa"]={cf=cfr(0,0,0,1,-.001,-.004,-.001,.849,-.528,.004,.528,.849);es="Linear";ed="In";};["R3rdNb"]={cf=cfr(0,0,0,1,0,0,0,-.43,-.903,0,.903,-.43);es="Linear";ed="In";};["RHandNb"]={cf=cfr(.032,.003,-.002,.952,-.303,.042,.302,.953,.026,-.048,-.013,.999);es="Linear";ed="In";};["R4thNa"]={cf=cfr(0,0,0,1,0,.001,0,.771,-.637,-.001,.637,.771);es="Linear";ed="In";};["R4thNb"]={cf=cfr(0,0,0,1,0,0,0,-.664,-.748,0,.748,-.664);es="Linear";ed="In";};["RASabN"]={cf=cfr(.065,-.514,-.001,.749,.474,.462,-.4,.88,-.254,-.527,.005,.85);es="Linear";ed="In";};["RSSabN"]={cf=cfr(0,0,0,.85,-.002,.527,-.002,1,.006,-.527,-.006,.85);es="Linear";ed="In";};["NeckN"]={cf=cfr(0,0,0,.849,.429,-.307,-.493,.854,-.169,.19,.295,.936);es="Linear";ed="In";};["HeadN"]={cf=cfr(0,0,0,.431,.902,-.042,-.892,.432,.129,.135,-.019,.991);es="Linear";ed="In";};["ScopeN"]={cf=cfr(0,0,0,1,0,0,0,1,0,0,0,1);es="Linear";ed="In";};["MouthN"]={cf=cfr(0,0,0,.998,0,.067,0,1,0,-.067,0,.998);es="Linear";ed="In";};["LShoulderN"]={cf=cfr(0,0,0,.99,-.137,-.025,.138,.989,.048,.018,-.051,.999);es="Linear";ed="In";};["LShoulderJ"]={cf=cfr(0,0,0,.883,.062,-.466,-.353,.743,-.569,.311,.667,.677);es="Linear";ed="In";};["LArmJ"]={cf=cfr(0,0,0,.172,-.985,.001,.985,.171,-.002,.001,.001,1);es="Linear";ed="In";};["LHandN"]={cf=cfr(0,0,0,.851,-.238,.468,.446,.798,-.405,-.278,.553,.785);es="Linear";ed="In";};["LThumbNa"]={cf=cfr(0,0,0,.965,-.182,.19,.243,.893,-.38,-.1,.413,.905);es="Linear";ed="In";};["LThumbNb"]={cf=cfr(0,0,0,.749,.663,0,-.663,.749,0,0,0,1);es="Linear";ed="In";};["L3rdNa"]={cf=cfr(0,0,0,1,0,0,0,1,0,0,0,1);es="Linear";ed="In";};["L3rdNb"]={cf=cfr(0,0,0,1,0,0,0,-.397,-.918,0,.918,-.397);es="Linear";ed="In";};["L2ndNa"]={cf=cfr(0,0,0,1,0,.009,.001,.982,-.187,-.009,.187,.982);es="Linear";ed="In";};["L2ndNb"]={cf=cfr(0,0,0,1,0,0,0,.799,-.601,0,.601,.799);es="Linear";ed="In";};["L1stNa"]={cf=cfr(0,0,0,1,-.004,.012,0,.957,.29,-.013,-.29,.957);es="Linear";ed="In";};["L1stNb"]={cf=cfr(0,0,0,1,0,0,0,.806,-.592,0,.592,.806);es="Linear";ed="In";};["LHandNb"]={cf=cfr(.042,-.017,.032,.824,.53,-.202,-.567,.778,-.271,.014,.338,.941);es="Linear";ed="In";};["L4thNa"]={cf=cfr(0,0,0,1,0,.001,.001,.591,-.807,-.001,.807,.591);es="Linear";ed="In";};["L4thNb"]={cf=cfr(0,0,0,1,0,0,0,-.187,-.982,0,.982,-.187);es="Linear";ed="In";};["LASabN"]={cf=cfr(-.059,.537,0,.782,.48,.398,-.425,.877,-.224,-.456,.006,.89);es="Linear";ed="In";};["LSSabN"]={cf=cfr(0,0,0,.888,-.001,.46,-.001,1,.005,-.46,-.005,.888);es="Linear";ed="In";};["BackN"]={cf=cfr(0,0,0,1,0,0,0,1,0,0,0,1);es="Linear";ed="In";};["ReflectorN"]={cf=cfr(0,0,0,1,0,0,0,1,0,0,0,1);es="Linear";ed="In";};["TailNa"]={cf=cfr(0,0,0,.668,.739,.085,-.743,.668,.025,-.038,-.08,.996);es="Linear";ed="In";};["TailNb"]={cf=cfr(0,0,0,.891,.454,0,-.409,.802,.435,.197,-.388,.901);es="Linear";ed="In";};["TailNc"]={cf=cfr(0,0,0,.871,.491,0,-.453,.803,.387,.19,-.337,.922);es="Linear";ed="In";};["LSSabN_end"]={cf=cfr(2.845,-3.316,.749,-.335,.872,-.357,-.665,.049,.745,.667,.487,.563);es="Linear";ed="In";};["FaceM_end"]={cf=cfr(0,0,0,1,0,0,0,1,0,0,0,1);es="Linear";ed="In";};["BlasterM_end"]={cf=cfr(0,0,0,1,0,0,0,1,0,0,0,1);es="Linear";ed="In";};["L2ndNb_end"]={cf=cfr(-6.777,-6.543,9.682,-.814,-.283,.507,.567,-.194,.801,-.128,.939,.318);es="Linear";ed="In";};["RThumbNb_end"]={cf=cfr(5.341,-2.699,-.498,.922,-.359,.144,.386,.848,-.362,.008,.389,.921);es="Linear";ed="In";};["FacePattern"]={cf=cfr(0,0,0,1,0,0,0,1,0,0,0,1);es="Linear";ed="In";};["EyeYellowM"]={cf=cfr(0,0,0,1,0,0,0,1,0,0,0,1);es="Linear";ed="In";};["LThumbNb_end"]={cf=cfr(-.517,-10.80,4.12,-.997,-.066,.03,.068,-.706,.705,-.026,.706,.708);es="Linear";ed="In";};["ReflectorN_end"]={cf=cfr(-.839,-1.982,1.214,-.069,-.378,-.923,-.274,.897,-.347,.959,.229,-.166);es="Linear";ed="In";};["RHaveN"]={cf=cfr(-4.642,1.412,-3.981,.881,.465,.088,-.467,.884,.004,-.076,-.045,.996);es="Linear";ed="In";};["ThrowN_end"]={cf=cfr(0,0,0,1,0,0,0,1,0,0,0,1);es="Linear";ed="In";};["BlasterM"]={cf=cfr(0,0,0,1,0,0,0,1,0,0,0,1);es="Linear";ed="In";};["BlinkHalfM"]={cf=cfr(0,0,0,1,0,0,0,1,0,0,0,1);es="Linear";ed="In";};["R4thNb_end"]={cf=cfr(3.995,2.803,1.583,.996,.075,-.045,.088,-.799,.595,.009,-.597,-.802);es="Linear";ed="In";};["RSSabN_end"]={cf=cfr(1.89,1.136,1.979,.387,-.831,-.399,.921,.368,.127,.041,-.417,.908);es="Linear";ed="In";};["BackN_end"]={cf=cfr(-2.269,-1.85,.86,-.294,-.346,-.891,.102,.915,-.389,.95,-.205,-.234);es="Linear";ed="In";};["OuchM"]={cf=cfr(0,0,0,1,0,0,0,1,0,0,0,1);es="Linear";ed="In";};["BlinkM_end"]={cf=cfr(0,0,0,1,0,0,0,1,0,0,0,1);es="Linear";ed="In";};["OuchM_end"]={cf=cfr(0,0,0,1,0,0,0,1,0,0,0,1);es="Linear";ed="In";};["LHandNb_end"]={cf=cfr(.123,-10.24,-2.883,.528,-.192,-.827,-.323,-.946,.013,-.785,.26,-.562);es="Linear";ed="In";};["FitFox00.ao"]={cf=cfr(0,0,0,1,0,0,0,1,0,0,0,1);es="Linear";ed="In";};["RootNode"]={cf=cfr(0,0,0,-1,0,0,0,1,0,0,0,-1);es="Linear";ed="In";};["LToeN_end"]={cf=cfr(3.37,-4.351,.791,-.451,.876,-.17,-.888,-.46,-.018,-.094,.142,.985);es="Linear";ed="In";};["TailNc_end"]={cf=cfr(4.541,3.37,.228,.649,.199,.735,.524,.584,-.62,-.552,.787,.275);es="Linear";ed="In";};["RHaveN_end"]={cf=cfr(0,0,0,1,0,0,0,1,0,0,0,1);es="Linear";ed="In";};["R1stNb_end"]={cf=cfr(3.986,-5.004,1.025,.996,.076,-.042,-.073,.994,.076,.047,-.073,.996);es="Linear";ed="In";};["LHaveN_end"]={cf=cfr(0,0,0,1,0,0,0,1,0,0,0,1);es="Linear";ed="In";};["LHaveN"]={cf=cfr(8.566,-1.711,-6.398,-.826,.304,-.475,.491,.802,-.341,.277,-.514,-.812);es="Linear";ed="In";};["FaceM"]={cf=cfr(0,0,0,1,0,0,0,1,0,0,0,1);es="Linear";ed="In";};["ScopeN_end"]={cf=cfr(-.398,.65,2.535,.954,-.163,-.254,.15,.986,-.07,.261,.028,.965);es="Linear";ed="In";};["L1stNb_end"]={cf=cfr(-6.16,-10.46,5.975,-.816,-.283,.504,.558,-.617,.555,.154,.734,.661);es="Linear";ed="In";};["RHandNb_end"]={cf=cfr(-.822,-5.091,4.065,.986,-.126,-.108,.107,.98,-.169,.128,.155,.98);es="Linear";ed="In";};["RToeN_end"]={cf=cfr(-1.69,2.628,.025,-.867,-.499,-.004,.499,-.866,-.017,.005,-.017,1);es="Linear";ed="In";};["RASabN_end"]={cf=cfr(4.455,-2.203,3.347,.883,-.311,-.352,.328,.945,-.012,.336,-.105,.936);es="Linear";ed="In";};["R2ndNb_end"]={cf=cfr(3.986,-4.485,2.19,.996,.071,-.061,-.047,.941,.336,.081,-.332,.94);es="Linear";ed="In";};["LASabN_end"]={cf=cfr(-.146,-7.492,-.49,-.803,.556,.213,-.387,-.759,.524,.454,.338,.824);es="Linear";ed="In";};["ThrowN"]={cf=cfr(-.282,0,0,1,0,0,0,1,0,0,0,1);es="Linear";ed="In";};["L4thNb_end"]={cf=cfr(-7.999,9.137,2.179,-.812,-.278,.514,-.283,.957,.071,-.511,-.088,-.855);es="Linear";ed="In";};["MouthN_end"]={cf=cfr(-.007,.638,-2.134,.939,.151,-.309,-.187,.978,-.09,.288,.142,.947);es="Linear";ed="In";};};{tm=.125;["BlinkM"]={cf=cfr(0,0,0,1,0,0,0,1,0,0,0,1);es="Linear";ed="In";};["BlinkHalfM_end"]={cf=cfr(0,0,0,1,0,0,0,1,0,0,0,1);es="Linear";ed="In";};["R3rdNb_end"]={cf=cfr(3.984,1.774,3.039,.996,.076,-.04,.073,-.49,.869,.047,-.869,-.493);es="Linear";ed="In";};["EyeYellowM_end"]={cf=cfr(0,0,0,1,0,0,0,1,0,0,0,1);es="Linear";ed="In";};["L3rdNb_end"]={cf=cfr(-7.332,5.698,8.755,-.812,-.277,.514,.124,.779,.615,-.571,.563,-.598);es="Linear";ed="In";};["FitFox00.mo"]={cf=cfr(0,0,0,1,0,0,0,1,0,0,0,1);es="Linear";ed="In";};["TopN"]={cf=cfr(0,0,0,1,0,0,0,1,0,0,0,1);es="Linear";ed="In";};["TransN"]={cf=cfr(0,0,0,1,0,0,0,1,0,0,0,1);es="Linear";ed="In";};["XRotN"]={cf=cfr(.282,0,0,1,0,0,0,1,0,0,0,1);es="Linear";ed="In";};["YRotN"]={cf=cfr(0,0,0,1,0,0,0,1,0,0,0,1);es="Linear";ed="In";};["HipN"]={cf=cfr(.545,1.043,1.762,-.185,-.979,-.088,.982,-.188,.022,-.038,-.083,.996);es="Linear";ed="In";};["LLegJ"]={cf=cfr(0,0,0,.468,.145,-.872,.187,.948,.258,.864,-.284,.416);es="Linear";ed="In";};["LKneeJ"]={cf=cfr(0,0,0,.423,-.301,.855,.315,.933,.172,-.85,.196,.489);es="Linear";ed="In";};["LFootJ"]={cf=cfr(0,0,0,.885,-.136,.446,.318,.875,-.365,-.34,.465,.817);es="Linear";ed="In";};["LToeN"]={cf=cfr(0,0,0,.917,-.006,-.4,.008,1,.005,.4,-.007,.917);es="Linear";ed="In";};["RLegJ"]={cf=cfr(0,0,0,.791,.316,-.524,-.103,.913,.396,.604,-.259,.754);es="Linear";ed="In";};["RKneeJ"]={cf=cfr(0,0,0,.013,.062,.998,-.082,.995,-.06,-.997,-.081,.018);es="Linear";ed="In";};["RFootJ"]={cf=cfr(0,0,0,.943,.099,-.317,-.238,.866,-.44,.231,.49,.84);es="Linear";ed="In";};["RToeN"]={cf=cfr(0,0,0,.843,-.006,-.539,.029,.999,.033,.538,-.044,.842);es="Linear";ed="In";};["WaistN"]={cf=cfr(0,0,0,.992,-.084,.093,.082,.996,.021,-.094,-.013,.995);es="Linear";ed="In";};["BustN"]={cf=cfr(0,0,0,.975,-.01,.221,.074,.956,-.284,-.209,.293,.933);es="Linear";ed="In";};["RShoulderN"]={cf=cfr(0,0,0,.938,-.332,-.104,.346,.918,.193,.031,-.217,.976);es="Linear";ed="In";};["RShoulderJ"]={cf=cfr(0,0,0,.835,-.298,-.462,.102,.91,-.401,.54,.288,.791);es="Linear";ed="In";};["RArmJ"]={cf=cfr(0,0,0,.192,-.981,-.002,.981,.192,0,0,-.002,1);es="Linear";ed="In";};["RHandN"]={cf=cfr(0,0,0,.967,.017,.255,-.098,.945,.311,-.236,-.326,.916);es="Linear";ed="In";};["RThumbNa"]={cf=cfr(0,0,0,.965,-.263,-.004,.262,.961,-.086,.027,.082,.996);es="Linear";ed="In";};["RThumbNb"]={cf=cfr(0,0,0,.732,.682,0,-.682,.732,0,0,0,1);es="Linear";ed="In";};["R2ndNa"]={cf=cfr(0,0,0,1,.002,.016,.004,.944,-.329,-.016,.329,.944);es="Linear";ed="In";};["R2ndNb"]={cf=cfr(0,0,0,1,0,0,0,.881,-.473,0,.473,.881);es="Linear";ed="In";};["R1stNa"]={cf=cfr(0,0,0,1,0,-.003,-.001,.998,-.068,.003,.068,.998);es="Linear";ed="In";};["R1stNb"]={cf=cfr(0,0,0,1,0,0,0,.881,-.473,0,.473,.881);es="Linear";ed="In";};["R3rdNa"]={cf=cfr(0,0,0,1,-.001,-.004,-.001,.849,-.528,.004,.528,.849);es="Linear";ed="In";};["R3rdNb"]={cf=cfr(0,0,0,1,0,0,0,-.43,-.903,0,.903,-.43);es="Linear";ed="In";};["RHandNb"]={cf=cfr(.032,.003,-.002,.958,-.285,.034,.284,.958,.038,-.043,-.027,.999);es="Linear";ed="In";};["R4thNa"]={cf=cfr(0,0,0,1,0,.001,0,.771,-.637,-.001,.637,.771);es="Linear";ed="In";};["R4thNb"]={cf=cfr(0,0,0,1,0,0,0,-.664,-.748,0,.748,-.664);es="Linear";ed="In";};["RASabN"]={cf=cfr(.065,-.511,-.001,.748,.475,.464,-.4,.88,-.256,-.53,.005,.848);es="Linear";ed="In";};["RSSabN"]={cf=cfr(0,0,0,.848,-.002,.529,-.002,1,.006,-.529,-.006,.848);es="Linear";ed="In";};["NeckN"]={cf=cfr(0,0,0,.849,.43,-.308,-.493,.853,-.169,.19,.295,.936);es="Linear";ed="In";};["HeadN"]={cf=cfr(0,0,0,.43,.902,-.042,-.893,.432,.129,.135,-.018,.991);es="Linear";ed="In";};["ScopeN"]={cf=cfr(0,0,0,1,0,0,0,1,0,0,0,1);es="Linear";ed="In";};["MouthN"]={cf=cfr(0,0,0,.998,0,.062,0,1,0,-.062,0,.998);es="Linear";ed="In";};["LShoulderN"]={cf=cfr(0,0,0,.99,-.137,-.026,.138,.989,.045,.019,-.048,.999);es="Linear";ed="In";};["LShoulderJ"]={cf=cfr(0,0,0,.88,.044,-.473,-.342,.749,-.568,.329,.662,.674);es="Linear";ed="In";};["LArmJ"]={cf=cfr(0,0,0,.189,-.982,.001,.982,.189,-.002,.001,.002,1);es="Linear";ed="In";};["LHandN"]={cf=cfr(0,0,0,.847,-.233,.479,.456,.781,-.427,-.274,.58,.767);es="Linear";ed="In";};["LThumbNa"]={cf=cfr(0,0,0,.965,-.182,.19,.243,.893,-.38,-.1,.413,.905);es="Linear";ed="In";};["LThumbNb"]={cf=cfr(0,0,0,.749,.663,0,-.663,.749,0,0,0,1);es="Linear";ed="In";};["L3rdNa"]={cf=cfr(0,0,0,1,0,0,0,1,0,0,0,1);es="Linear";ed="In";};["L3rdNb"]={cf=cfr(0,0,0,1,0,0,0,-.397,-.918,0,.918,-.397);es="Linear";ed="In";};["L2ndNa"]={cf=cfr(0,0,0,1,0,.009,.001,.982,-.187,-.009,.187,.982);es="Linear";ed="In";};["L2ndNb"]={cf=cfr(0,0,0,1,0,0,0,.799,-.601,0,.601,.799);es="Linear";ed="In";};["L1stNa"]={cf=cfr(0,0,0,1,-.004,.012,0,.957,.29,-.013,-.29,.957);es="Linear";ed="In";};["L1stNb"]={cf=cfr(0,0,0,1,0,0,0,.806,-.592,0,.592,.806);es="Linear";ed="In";};["LHandNb"]={cf=cfr(.04,-.017,.032,.806,.553,-.213,-.592,.759,-.271,.012,.344,.939);es="Linear";ed="In";};["L4thNa"]={cf=cfr(0,0,0,1,0,.001,.001,.591,-.807,-.001,.807,.591);es="Linear";ed="In";};["L4thNb"]={cf=cfr(0,0,0,1,0,0,0,-.187,-.982,0,.982,-.187);es="Linear";ed="In";};["LASabN"]={cf=cfr(-.065,.534,0,.778,.476,.411,-.417,.88,-.228,-.47,.006,.882);es="Linear";ed="In";};["LSSabN"]={cf=cfr(0,0,0,.88,-.001,.474,-.001,1,.005,-.474,-.005,.88);es="Linear";ed="In";};["BackN"]={cf=cfr(0,0,0,1,0,0,0,1,0,0,0,1);es="Linear";ed="In";};["ReflectorN"]={cf=cfr(0,0,0,1,0,0,0,1,0,0,0,1);es="Linear";ed="In";};["TailNa"]={cf=cfr(0,0,0,.67,.742,-.008,-.741,.67,.043,.037,-.023,.999);es="Linear";ed="In";};["TailNb"]={cf=cfr(0,0,0,.891,.454,0,-.416,.817,.4,.181,-.356,.917);es="Linear";ed="In";};["TailNc"]={cf=cfr(0,0,0,.871,.491,0,-.475,.842,.255,.125,-.222,.967);es="Linear";ed="In";};["LSSabN_end"]={cf=cfr(2.845,-3.316,.749,-.335,.872,-.357,-.665,.049,.745,.667,.487,.563);es="Linear";ed="In";};["FaceM_end"]={cf=cfr(0,0,0,1,0,0,0,1,0,0,0,1);es="Linear";ed="In";};["BlasterM_end"]={cf=cfr(0,0,0,1,0,0,0,1,0,0,0,1);es="Linear";ed="In";};["L2ndNb_end"]={cf=cfr(-6.777,-6.543,9.682,-.814,-.283,.507,.567,-.194,.801,-.128,.939,.318);es="Linear";ed="In";};["RThumbNb_end"]={cf=cfr(5.341,-2.699,-.498,.922,-.359,.144,.386,.848,-.362,.008,.389,.921);es="Linear";ed="In";};["FacePattern"]={cf=cfr(0,0,0,1,0,0,0,1,0,0,0,1);es="Linear";ed="In";};["EyeYellowM"]={cf=cfr(0,0,0,1,0,0,0,1,0,0,0,1);es="Linear";ed="In";};["LThumbNb_end"]={cf=cfr(-.517,-10.80,4.12,-.997,-.066,.03,.068,-.706,.705,-.026,.706,.708);es="Linear";ed="In";};["ReflectorN_end"]={cf=cfr(-.839,-1.982,1.214,-.069,-.378,-.923,-.274,.897,-.347,.959,.229,-.166);es="Linear";ed="In";};["RHaveN"]={cf=cfr(-4.642,1.412,-3.981,.881,.465,.088,-.467,.884,.004,-.076,-.045,.996);es="Linear";ed="In";};["ThrowN_end"]={cf=cfr(0,0,0,1,0,0,0,1,0,0,0,1);es="Linear";ed="In";};["BlasterM"]={cf=cfr(0,0,0,1,0,0,0,1,0,0,0,1);es="Linear";ed="In";};["BlinkHalfM"]={cf=cfr(0,0,0,1,0,0,0,1,0,0,0,1);es="Linear";ed="In";};["R4thNb_end"]={cf=cfr(3.995,2.803,1.583,.996,.075,-.045,.088,-.799,.595,.009,-.597,-.802);es="Linear";ed="In";};["RSSabN_end"]={cf=cfr(1.89,1.136,1.979,.387,-.831,-.399,.921,.368,.127,.041,-.417,.908);es="Linear";ed="In";};["BackN_end"]={cf=cfr(-2.269,-1.85,.86,-.294,-.346,-.891,.102,.915,-.389,.95,-.205,-.234);es="Linear";ed="In";};["OuchM"]={cf=cfr(0,0,0,1,0,0,0,1,0,0,0,1);es="Linear";ed="In";};["BlinkM_end"]={cf=cfr(0,0,0,1,0,0,0,1,0,0,0,1);es="Linear";ed="In";};["OuchM_end"]={cf=cfr(0,0,0,1,0,0,0,1,0,0,0,1);es="Linear";ed="In";};["LHandNb_end"]={cf=cfr(.123,-10.24,-2.883,.528,-.192,-.827,-.323,-.946,.013,-.785,.26,-.562);es="Linear";ed="In";};["FitFox00.ao"]={cf=cfr(0,0,0,1,0,0,0,1,0,0,0,1);es="Linear";ed="In";};["RootNode"]={cf=cfr(0,0,0,-1,0,0,0,1,0,0,0,-1);es="Linear";ed="In";};["LToeN_end"]={cf=cfr(3.37,-4.351,.791,-.451,.876,-.17,-.888,-.46,-.018,-.094,.142,.985);es="Linear";ed="In";};["TailNc_end"]={cf=cfr(4.541,3.37,.228,.649,.199,.735,.524,.584,-.62,-.552,.787,.275);es="Linear";ed="In";};["RHaveN_end"]={cf=cfr(0,0,0,1,0,0,0,1,0,0,0,1);es="Linear";ed="In";};["R1stNb_end"]={cf=cfr(3.986,-5.004,1.025,.996,.076,-.042,-.073,.994,.076,.047,-.073,.996);es="Linear";ed="In";};["LHaveN_end"]={cf=cfr(0,0,0,1,0,0,0,1,0,0,0,1);es="Linear";ed="In";};["LHaveN"]={cf=cfr(8.566,-1.711,-6.398,-.826,.304,-.475,.491,.802,-.341,.277,-.514,-.812);es="Linear";ed="In";};["FaceM"]={cf=cfr(0,0,0,1,0,0,0,1,0,0,0,1);es="Linear";ed="In";};["ScopeN_end"]={cf=cfr(-.398,.65,2.535,.954,-.163,-.254,.15,.986,-.07,.261,.028,.965);es="Linear";ed="In";};["L1stNb_end"]={cf=cfr(-6.16,-10.46,5.975,-.816,-.283,.504,.558,-.617,.555,.154,.734,.661);es="Linear";ed="In";};["RHandNb_end"]={cf=cfr(-.822,-5.091,4.065,.986,-.126,-.108,.107,.98,-.169,.128,.155,.98);es="Linear";ed="In";};["RToeN_end"]={cf=cfr(-1.69,2.628,.025,-.867,-.499,-.004,.499,-.866,-.017,.005,-.017,1);es="Linear";ed="In";};["RASabN_end"]={cf=cfr(4.455,-2.203,3.347,.883,-.311,-.352,.328,.945,-.012,.336,-.105,.936);es="Linear";ed="In";};["R2ndNb_end"]={cf=cfr(3.986,-4.485,2.19,.996,.071,-.061,-.047,.941,.336,.081,-.332,.94);es="Linear";ed="In";};["LASabN_end"]={cf=cfr(-.146,-7.492,-.49,-.803,.556,.213,-.387,-.759,.524,.454,.338,.824);es="Linear";ed="In";};["ThrowN"]={cf=cfr(-.282,0,0,1,0,0,0,1,0,0,0,1);es="Linear";ed="In";};["L4thNb_end"]={cf=cfr(-7.999,9.137,2.179,-.812,-.278,.514,-.283,.957,.071,-.511,-.088,-.855);es="Linear";ed="In";};["MouthN_end"]={cf=cfr(-.007,.638,-2.134,.939,.151,-.309,-.187,.978,-.09,.288,.142,.947);es="Linear";ed="In";};};{tm=.167;["BlinkM"]={cf=cfr(0,0,0,1,0,0,0,1,0,0,0,1);es="Linear";ed="In";};["BlinkHalfM_end"]={cf=cfr(0,0,0,1,0,0,0,1,0,0,0,1);es="Linear";ed="In";};["R3rdNb_end"]={cf=cfr(3.984,1.774,3.039,.996,.076,-.04,.073,-.49,.869,.047,-.869,-.493);es="Linear";ed="In";};["EyeYellowM_end"]={cf=cfr(0,0,0,1,0,0,0,1,0,0,0,1);es="Linear";ed="In";};["L3rdNb_end"]={cf=cfr(-7.332,5.698,8.755,-.812,-.277,.514,.124,.779,.615,-.571,.563,-.598);es="Linear";ed="In";};["FitFox00.mo"]={cf=cfr(0,0,0,1,0,0,0,1,0,0,0,1);es="Linear";ed="In";};["TopN"]={cf=cfr(0,0,0,1,0,0,0,1,0,0,0,1);es="Linear";ed="In";};["TransN"]={cf=cfr(0,0,0,1,0,0,0,1,0,0,0,1);es="Linear";ed="In";};["XRotN"]={cf=cfr(.282,0,0,1,0,0,0,1,0,0,0,1);es="Linear";ed="In";};["YRotN"]={cf=cfr(0,0,0,1,0,0,0,1,0,0,0,1);es="Linear";ed="In";};["HipN"]={cf=cfr(.54,1.048,1.754,-.192,-.977,-.089,.981,-.194,.021,-.038,-.083,.996);es="Linear";ed="In";};["LLegJ"]={cf=cfr(0,0,0,.469,.147,-.871,.189,.947,.261,.863,-.287,.417);es="Linear";ed="In";};["LKneeJ"]={cf=cfr(0,0,0,.412,-.298,.861,.311,.934,.175,-.856,.196,.478);es="Linear";ed="In";};["LFootJ"]={cf=cfr(0,0,0,.885,-.142,.442,.321,.876,-.359,-.337,.46,.822);es="Linear";ed="In";};["LToeN"]={cf=cfr(0,0,0,.918,-.006,-.396,.008,1,.004,.396,-.007,.918);es="Linear";ed="In";};["RLegJ"]={cf=cfr(0,0,0,.791,.313,-.526,-.1,.914,.394,.604,-.259,.754);es="Linear";ed="In";};["RKneeJ"]={cf=cfr(0,0,0,.02,.06,.998,-.072,.996,-.059,-.997,-.07,.025);es="Linear";ed="In";};["RFootJ"]={cf=cfr(0,0,0,.955,.09,-.284,-.216,.867,-.449,.206,.489,.847);es="Linear";ed="In";};["RToeN"]={cf=cfr(0,0,0,.826,.007,-.563,.023,.999,.046,.563,-.051,.825);es="Linear";ed="In";};["WaistN"]={cf=cfr(0,0,0,.992,-.084,.093,.082,.996,.021,-.094,-.013,.995);es="Linear";ed="In";};["BustN"]={cf=cfr(0,0,0,.975,-.004,.221,.068,.956,-.285,-.21,.293,.933);es="Linear";ed="In";};["RShoulderN"]={cf=cfr(0,0,0,.938,-.331,-.103,.346,.919,.189,.032,-.213,.977);es="Linear";ed="In";};["RShoulderJ"]={cf=cfr(0,0,0,.835,-.29,-.468,.099,.915,-.39,.542,.279,.793);es="Linear";ed="In";};["RArmJ"]={cf=cfr(0,0,0,.186,-.983,-.002,.983,.186,0,0,-.002,1);es="Linear";ed="In";};["RHandN"]={cf=cfr(0,0,0,.963,.025,.27,-.106,.951,.29,-.249,-.308,.918);es="Linear";ed="In";};["RThumbNa"]={cf=cfr(0,0,0,.965,-.263,-.004,.262,.961,-.086,.027,.082,.996);es="Linear";ed="In";};["RThumbNb"]={cf=cfr(0,0,0,.732,.682,0,-.682,.732,0,0,0,1);es="Linear";ed="In";};["R2ndNa"]={cf=cfr(0,0,0,1,.002,.016,.004,.944,-.329,-.016,.329,.944);es="Linear";ed="In";};["R2ndNb"]={cf=cfr(0,0,0,1,0,0,0,.881,-.473,0,.473,.881);es="Linear";ed="In";};["R1stNa"]={cf=cfr(0,0,0,1,0,-.003,-.001,.998,-.068,.00