-- // converted using mech's animoduler
local cfr = CFrame.new

return {{tm=0;["BlinkM"]={cf=cfr(0,0,0,1,0,0,0,1,0,0,0,1);es="Linear";ed="In";};["BlinkHalfM_end"]={cf=cfr(0,0,0,1,0,0,0,1,0,0,0,1);es="Linear";ed="In";};["R3rdNb_end"]={cf=cfr(-1.158,1.618,-3.028,.428,.887,.175,.431,-.37,.823,.794,-.277,-.541);es="Linear";ed="In";};["EyeYellowM_end"]={cf=cfr(0,0,0,1,0,0,0,1,0,0,0,1);es="Linear";ed="In";};["L3rdNb_end"]={cf=cfr(2.839,-2.937,8.043,.122,.875,.468,.797,-.367,.479,.591,.315,-.742);es="Linear";ed="In";};["FitFox00.mo"]={cf=cfr(0,0,0,1,0,0,0,1,0,0,0,1);es="Linear";ed="In";};["TopN"]={cf=cfr(0,0,0,1,0,0,0,1,0,0,0,1);es="Linear";ed="In";};["TransN"]={cf=cfr(0,0,0,1,0,0,0,1,0,0,0,1);es="Linear";ed="In";};["XRotN"]={cf=cfr(.282,0,0,1,0,0,0,1,0,0,0,1);es="Linear";ed="In";};["YRotN"]={cf=cfr(0,0,0,1,0,0,0,1,0,0,0,1);es="Linear";ed="In";};["HipN"]={cf=cfr(-.422,-.137,1.278,.733,-.68,.014,.658,.714,.239,-.173,-.166,.971);es="Linear";ed="In";};["LLegJ"]={cf=cfr(0,0,0,.044,.727,-.685,-.352,.653,.671,.935,.212,.284);es="Linear";ed="In";};["LKneeJ"]={cf=cfr(0,0,0,-.151,-.04,.988,.001,.999,.041,-.989,.007,-.15);es="Linear";ed="In";};["LFootJ"]={cf=cfr(-.057,-.016,.008,.968,-.073,-.238,.065,.997,-.038,.241,.021,.97);es="Linear";ed="In";};["LToeN"]={cf=cfr(0,0,0,.996,0,-.084,0,1,-.001,.084,.001,.996);es="Linear";ed="In";};["RLegJ"]={cf=cfr(0,0,0,.701,-.531,.477,.168,.772,.613,-.694,-.35,.63);es="Linear";ed="In";};["RKneeJ"]={cf=cfr(0,0,0,.939,-.029,.343,.043,.999,-.034,-.341,.047,.939);es="Linear";ed="In";};["RFootJ"]={cf=cfr(.06,-.013,-.008,.909,-.109,.403,.079,.993,.092,-.41,-.052,.911);es="Linear";ed="In";};["RToeN"]={cf=cfr(0,0,0,.767,.022,-.641,.022,.998,.061,.641,-.061,.765);es="Linear";ed="In";};["WaistN"]={cf=cfr(0,0,0,.985,.046,.165,-.015,.983,-.186,-.17,.18,.969);es="Linear";ed="In";};["BustN"]={cf=cfr(0,0,0,.99,.063,.127,-.017,.943,-.334,-.141,.328,.934);es="Linear";ed="In";};["RShoulderN"]={cf=cfr(0,0,0,.963,.136,.234,-.081,.969,-.233,-.258,.206,.944);es="Linear";ed="In";};["RShoulderJ"]={cf=cfr(0,0,0,.908,.214,-.361,-.404,.678,-.614,.113,.703,.702);es="Linear";ed="In";};["RArmJ"]={cf=cfr(0,0,0,.556,-.831,.006,.831,.556,0,-.003,.005,1);es="Linear";ed="In";};["RHandN"]={cf=cfr(.008,.001,.002,.798,.377,.47,.068,.718,-.692,-.599,.584,.547);es="Linear";ed="In";};["RThumbNa"]={cf=cfr(0,0,0,.782,.068,.62,.255,.872,-.418,-.569,.484,.665);es="Linear";ed="In";};["RThumbNb"]={cf=cfr(0,0,0,.773,.495,-.397,-.136,.74,.658,.62,-.455,.639);es="Linear";ed="In";};["R3rdNa"]={cf=cfr(0,0,0,.995,.006,-.095,-.095,.013,-.995,-.004,1,.014);es="Linear";ed="In";};["R3rdNb"]={cf=cfr(0,0,0,1,.004,.004,.004,.142,-.99,-.005,.99,.142);es="Linear";ed="In";};["R2ndNa"]={cf=cfr(0,0,0,.998,-.012,.068,.069,.236,-.969,-.005,.972,.236);es="Linear";ed="In";};["R2ndNb"]={cf=cfr(0,0,0,1,.004,.004,.004,.142,-.99,-.005,.99,.142);es="Linear";ed="In";};["R1stNa"]={cf=cfr(0,0,0,1,.003,.004,.002,.447,-.894,-.004,.894,.447);es="Linear";ed="In";};["R1stNb"]={cf=cfr(0,0,0,1,.004,.004,.004,.142,-.99,-.005,.99,.142);es="Linear";ed="In";};["R4thNa"]={cf=cfr(0,0,0,.948,-.054,-.315,-.319,-.17,-.932,-.003,.984,-.178);es="Linear";ed="In";};["R4thNb"]={cf=cfr(0,0,0,1,.004,.004,.004,.142,-.99,-.005,.99,.142);es="Linear";ed="In";};["RHandNb"]={cf=cfr(-.069,.039,.008,.663,.747,-.049,-.727,.658,.196,.179,-.094,.979);es="Linear";ed="In";};["RASabN"]={cf=cfr(.12,-.373,.002,.957,.092,.276,-.087,.996,-.031,-.277,.005,.961);es="Linear";ed="In";};["RSSabN"]={cf=cfr(0,0,0,.957,0,.289,0,1,.003,-.289,-.003,.957);es="Linear";ed="In";};["NeckN"]={cf=cfr(0,0,0,.888,.411,-.205,-.403,.912,.079,.219,.012,.976);es="Linear";ed="In";};["HeadN"]={cf=cfr(0,0,0,.98,.075,-.183,-.055,.992,.113,.19,-.101,.977);es="Linear";ed="In";};["ScopeN"]={cf=cfr(0,0,0,1,0,0,0,1,0,0,0,1);es="Linear";ed="In";};["MouthN"]={cf=cfr(0,0,0,.976,0,.217,0,1,0,-.217,0,.976);es="Linear";ed="In";};["LShoulderN"]={cf=cfr(0,0,0,.897,.443,.009,-.443,.896,.044,.011,-.044,.999);es="Linear";ed="In";};["LShoulderJ"]={cf=cfr(0,0,0,.931,-.211,-.298,-.017,.792,-.611,.365,.573,.734);es="Linear";ed="In";};["LArmJ"]={cf=cfr(0,0,0,.578,-.816,.007,.816,.578,.001,-.004,.005,1);es="Linear";ed="In";};["LHandN"]={cf=cfr(-.009,-.001,-.002,.944,-.266,-.197,.243,.961,-.132,.225,.077,.971);es="Linear";ed="In";};["L3rdNa"]={cf=cfr(0,0,0,1,-.004,-.001,-.001,-.074,-.997,.004,.997,-.074);es="Linear";ed="In";};["L3rdNb"]={cf=cfr(0,0,0,1,-.003,-.002,-.002,.034,-.999,.004,.999,.034);es="Linear";ed="In";};["LThumbNa"]={cf=cfr(0,0,0,.639,.77,-.005,-.534,.438,-.723,-.554,.465,.69);es="Linear";ed="In";};["LThumbNb"]={cf=cfr(0,0,0,.99,.107,-.089,-.069,.93,.36,.122,-.35,.929);es="Linear";ed="In";};["L2ndNa"]={cf=cfr(0,0,0,1,-.004,-.001,-.001,.114,-.993,.004,.993,.114);es="Linear";ed="In";};["L2ndNb"]={cf=cfr(0,0,0,1,-.004,-.002,-.001,.034,-.999,.004,.999,.034);es="Linear";ed="In";};["L1stNa"]={cf=cfr(0,0,0,1,-.003,-.002,-.001,.299,-.954,.003,.954,.299);es="Linear";ed="In";};["L1stNb"]={cf=cfr(0,0,0,1,-.001,-.004,-.004,.034,-.999,.001,.999,.034);es="Linear";ed="In";};["LHandNb"]={cf=cfr(.014,-.002,.02,.988,.148,-.053,-.155,.967,-.201,.021,.207,.978);es="Linear";ed="In";};["L4thNa"]={cf=cfr(0,0,0,1,-.005,-.001,-.002,-.234,-.972,.004,.972,-.234);es="Linear";ed="In";};["L4thNb"]={cf=cfr(0,0,0,1,-.001,-.004,-.004,.034,-.999,.001,.999,.034);es="Linear";ed="In";};["LASabN"]={cf=cfr(-.122,.363,-.002,.928,.092,.361,-.083,.996,-.04,-.363,.007,.932);es="Linear";ed="In";};["LSSabN"]={cf=cfr(0,0,0,.927,-.001,.376,-.001,1,.004,-.376,-.004,.927);es="Linear";ed="In";};["BackN"]={cf=cfr(0,0,0,1,0,0,0,1,0,0,0,1);es="Linear";ed="In";};["ReflectorN"]={cf=cfr(0,0,0,1,0,0,0,1,0,0,0,1);es="Linear";ed="In";};["TailNa"]={cf=cfr(0,-.327,-.144,.892,.402,.207,-.405,.914,-.028,-.2,-.059,.978);es="Linear";ed="In";};["TailNb"]={cf=cfr(0,.288,.212,.963,-.228,-.141,.206,.966,-.157,.172,.123,.977);es="Linear";ed="In";};["TailNc"]={cf=cfr(0,0,0,.926,-.191,-.326,-.038,.812,-.583,.375,.552,.744);es="Linear";ed="In";};["LSSabN_end"]={cf=cfr(2.267,-.574,-2.05,.752,.258,-.607,-.017,.927,.374,.659,-.271,.702);es="Linear";ed="In";};["FaceM_end"]={cf=cfr(0,0,0,1,0,0,0,1,0,0,0,1);es="Linear";ed="In";};["OuchM"]={cf=cfr(0,0,0,1,0,0,0,1,0,0,0,1);es="Linear";ed="In";};["L2ndNb_end"]={cf=cfr(3.18,-9.095,1.49,.108,.88,.463,-.177,-.442,.88,.978,-.177,.108);es="Linear";ed="In";};["FacePattern"]={cf=cfr(0,0,0,1,0,0,0,1,0,0,0,1);es="Linear";ed="In";};["EyeYellowM"]={cf=cfr(0,0,0,1,0,0,0,1,0,0,0,1);es="Linear";ed="In";};["LThumbNb_end"]={cf=cfr(6.44,-4.478,-2.593,.25,.968,-.025,-.529,.158,.834,.811,-.195,.551);es="Linear";ed="In";};["ReflectorN_end"]={cf=cfr(.593,-2.703,.268,.737,-.196,-.647,.007,.959,-.282,.676,.204,.709);es="Linear";ed="In";};["RHaveN"]={cf=cfr(-1.053,-3.689,1.624,.461,.363,.81,-.017,.916,-.4,-.887,.171,.428);es="Linear";ed="In";};["ThrowN_end"]={cf=cfr(0,0,0,1,0,0,0,1,0,0,0,1);es="Linear";ed="In";};["BlasterM"]={cf=cfr(0,0,0,1,0,0,0,1,0,0,0,1);es="Linear";ed="In";};["R4thNb_end"]={cf=cfr(-.879,.003,-4.033,.429,.887,.17,.715,-.448,.537,.553,-.109,-.826);es="Linear";ed="In";};["BlinkHalfM"]={cf=cfr(0,0,0,1,0,0,0,1,0,0,0,1);es="Linear";ed="In";};["RSSabN_end"]={cf=cfr(.007,1.165,3.139,.87,.236,-.433,-.068,.927,.369,.488,-.291,.823);es="Linear";ed="In";};["BackN_end"]={cf=cfr(.346,-2.055,-.119,.737,-.577,-.352,.36,.776,-.518,.572,.255,.78);es="Linear";ed="In";};["RThumbNb_end"]={cf=cfr(-.682,-2.793,3.437,.758,.598,.26,-.569,.802,-.184,-.319,-.008,.948);es="Linear";ed="In";};["BlinkM_end"]={cf=cfr(0,0,0,1,0,0,0,1,0,0,0,1);es="Linear";ed="In";};["OuchM_end"]={cf=cfr(0,0,0,1,0,0,0,1,0,0,0,1);es="Linear";ed="In";};["RootNode"]={cf=cfr(0,0,0,-1,0,0,0,1,0,0,0,-1);es="Linear";ed="In";};["LHandNb_end"]={cf=cfr(4.033,-4.971,1.352,.495,.632,-.596,-.825,.127,-.551,-.272,.764,.584);es="Linear";ed="In";};["LToeN_end"]={cf=cfr(3.423,-1.579,.427,.416,.902,-.116,-.9,.39,-.197,-.132,.187,.974);es="Linear";ed="In";};["R1stNb_end"]={cf=cfr(-1.506,.178,3.391,.428,.887,.173,-.898,.396,.189,.099,-.237,.967);es="Linear";ed="In";};["RHaveN_end"]={cf=cfr(0,0,0,1,0,0,0,1,0,0,0,1);es="Linear";ed="In";};["LHaveN_end"]={cf=cfr(0,0,0,1,0,0,0,1,0,0,0,1);es="Linear";ed="In";};["LHaveN"]={cf=cfr(5.47,4.212,1.71,-.158,.508,.847,-.455,.723,-.519,-.876,-.468,.117);es="Linear";ed="In";};["FaceM"]={cf=cfr(0,0,0,1,0,0,0,1,0,0,0,1);es="Linear";ed="In";};["ScopeN_end"]={cf=cfr(-.899,.782,3.539,.993,.01,-.116,-.009,1,.015,.116,-.014,.993);es="Linear";ed="In";};["L1stNb_end"]={cf=cfr(3.405,-8.5,-2.442,.096,.882,.462,-.613,-.313,.725,.784,-.353,.511);es="Linear";ed="In";};["TailNc_end"]={cf=cfr(1.26,1.512,1.673,.816,-.054,.576,.578,.125,-.807,-.028,.991,.133);es="Linear";ed="In";};["RHandNb_end"]={cf=cfr(-3.813,-1.193,1.573,.972,.227,.066,-.078,.573,-.816,-.223,.788,.574);es="Linear";ed="In";};["FitFox00.ao"]={cf=cfr(0,0,0,1,0,0,0,1,0,0,0,1);es="Linear";ed="In";};["RASabN_end"]={cf=cfr(.072,-.416,4.402,.737,.585,-.339,-.59,.801,.101,.331,.126,.935);es="Linear";ed="In";};["L4thNb_end"]={cf=cfr(2.53,2.576,7.46,.132,.878,.46,.989,-.089,-.114,-.059,.47,-.881);es="Linear";ed="In";};["RToeN_end"]={cf=cfr(-.159,2.827,.62,-.15,-.988,-.035,.976,-.142,-.163,.156,-.059,.986);es="Linear";ed="In";};["R2ndNb_end"]={cf=cfr(-1.457,1.394,2.919,.431,.889,.155,-.834,.327,.445,.345,-.321,.882);es="Linear";ed="In";};["LASabN_end"]={cf=cfr(2.311,-2.542,-2.694,.516,.83,-.211,-.589,.522,.617,.622,-.194,.758);es="Linear";ed="In";};["ThrowN"]={cf=cfr(-.282,0,0,1,0,0,0,1,0,0,0,1);es="Linear";ed="In";};["BlasterM_end"]={cf=cfr(0,0,0,1,0,0,0,1,0,0,0,1);es="Linear";ed="In";};["MouthN_end"]={cf=cfr(.22,1.267,-3.257,.988,-.011,-.157,-.002,.997,-.082,.157,.081,.984);es="Linear";ed="In";};};{tm=.042;["BlinkM"]={cf=cfr(0,0,0,1,0,0,0,1,0,0,0,1);es="Linear";ed="In";};["BlinkHalfM_end"]={cf=cfr(0,0,0,1,0,0,0,1,0,0,0,1);es="Linear";ed="In";};["R3rdNb_end"]={cf=cfr(-1.158,1.618,-3.028,.428,.887,.175,.431,-.37,.823,.794,-.277,-.541);es="Linear";ed="In";};["EyeYellowM_end"]={cf=cfr(0,0,0,1,0,0,0,1,0,0,0,1);es="Linear";ed="In";};["L3rdNb_end"]={cf=cfr(2.839,-2.937,8.043,.122,.875,.468,.797,-.367,.479,.591,.315,-.742);es="Linear";ed="In";};["FitFox00.mo"]={cf=cfr(0,0,0,1,0,0,0,1,0,0,0,1);es="Linear";ed="In";};["TopN"]={cf=cfr(0,0,0,1,0,0,0,1,0,0,0,1);es="Linear";ed="In";};["TransN"]={cf=cfr(-1.45,0,0,1,0,0,0,1,0,0,0,1);es="Linear";ed="In";};["XRotN"]={cf=cfr(.282,0,0,1,0,0,0,1,0,0,0,1);es="Linear";ed="In";};["YRotN"]={cf=cfr(0,0,0,1,0,0,0,1,0,0,0,1);es="Linear";ed="In";};["HipN"]={cf=cfr(-.725,-.076,1.217,.752,-.658,.025,.637,.737,.225,-.167,-.154,.974);es="Linear";ed="In";};["LLegJ"]={cf=cfr(0,0,0,-.054,.722,-.689,-.36,.63,.688,.932,.285,.226);es="Linear";ed="In";};["LKneeJ"]={cf=cfr(0,0,0,-.024,-.044,.999,.016,.999,.045,-1,.017,-.023);es="Linear";ed="In";};["LFootJ"]={cf=cfr(-.057,-.016,.008,.992,-.068,-.107,.071,.997,.025,.105,-.032,.994);es="Linear";ed="In";};["LToeN"]={cf=cfr(0,0,0,.994,0,-.109,0,1,-.001,.109,.001,.994);es="Linear";ed="In";};["RLegJ"]={cf=cfr(0,0,0,.703,-.534,.47,.153,.759,.633,-.694,-.373,.615);es="Linear";ed="In";};["RKneeJ"]={cf=cfr(0,0,0,.886,-.018,.463,.041,.998,-.042,-.462,.056,.885);es="Linear";ed="In";};["RFootJ"]={cf=cfr(.06,-.013,-.008,.87,-.098,.482,.078,.995,.062,-.486,-.016,.874);es="Linear";ed="In";};["RToeN"]={cf=cfr(0,0,0,.955,-.001,-.297,.009,1,.025,.297,-.027,.955);es="Linear";ed="In";};["WaistN"]={cf=cfr(0,0,0,.985,.075,.153,-.045,.98,-.193,-.165,.183,.969);es="Linear";ed="In";};["BustN"]={cf=cfr(0,0,0,.989,.08,.124,-.035,.943,-.332,-.143,.324,.935);es="Linear";ed="In";};["RShoulderN"]={cf=cfr(0,0,0,.967,.128,.22,-.08,.973,-.217,-.241,.193,.951);es="Linear";ed="In";};["RShoulderJ"]={cf=cfr(0,0,0,.863,.316,-.394,-.502,.626,-.596,.058,.712,.699);es="Linear";ed="In";};["RArmJ"]={cf=cfr(0,0,0,.553,-.833,.006,.833,.553,0,-.003,.005,1);es="Linear";ed="In";};["RHandN"]={cf=cfr(.008,.001,.002,.809,.378,.449,.05,.718,-.694,-.585,.584,.562);es="Linear";ed="In";};["RThumbNa"]={cf=cfr(0,0,0,.782,.068,.62,.255,.872,-.418,-.569,.484,.665);es="Linear";ed="In";};["RThumbNb"]={cf=cfr(0,0,0,.773,.495,-.397,-.136,.74,.658,.62,-.455,.639);es="Linear";ed="In";};["R3rdNa"]={cf=cfr(0,0,0,.995,.006,-.095,-.095,.013,-.995,-.004,1,.014);es="Linear";ed="In";};["R3rdNb"]={cf=cfr(0,0,0,1,.004,.004,.004,.142,-.99,-.005,.99,.142);es="Linear";ed="In";};["R2ndNa"]={cf=cfr(0,0,0,.998,-.012,.068,.069,.236,-.969,-.005,.972,.236);es="Linear";ed="In";};["R2ndNb"]={cf=cfr(0,0,0,1,.004,.004,.004,.142,-.99,-.005,.99,.142);es="Linear";ed="In";};["R1stNa"]={cf=cfr(0,0,0,1,.003,.004,.002,.447,-.894,-.004,.894,.447);es="Linear";ed="In";};["R1stNb"]={cf=cfr(0,0,0,1,.004,.004,.004,.142,-.99,-.005,.99,.142);es="Linear";ed="In";};["R4thNa"]={cf=cfr(0,0,0,.948,-.054,-.315,-.319,-.17,-.932,-.003,.984,-.178);es="Linear";ed="In";};["R4thNb"]={cf=cfr(0,0,0,1,.004,.004,.004,.142,-.99,-.005,.99,.142);es="Linear";ed="In";};["RHandNb"]={cf=cfr(-.069,.039,.008,.679,.733,-.038,-.712,.67,.211,.18,-.116,.977);es="Linear";ed="In";};["RASabN"]={cf=cfr(.119,-.392,.002,.958,.095,.272,-.091,.995,-.028,-.273,.002,.962);es="Linear";ed="In";};["RSSabN"]={cf=cfr(0,0,0,.958,0,.285,0,1,.003,-.285,-.003,.958);es="Linear";ed="In";};["NeckN"]={cf=cfr(0,0,0,.893,.397,-.211,-.392,.917,.066,.22,.023,.975);es="Linear";ed="In";};["HeadN"]={cf=cfr(0,0,0,.984,.039,-.173,-.02,.993,.114,.176,-.108,.978);es="Linear";ed="In";};["ScopeN"]={cf=cfr(0,0,0,1,0,0,0,1,0,0,0,1);es="Linear";ed="In";};["MouthN"]={cf=cfr(0,0,0,.979,0,.203,0,1,0,-.203,0,.979);es="Linear";ed="In";};["LShoulderN"]={cf=cfr(0,0,0,.903,.429,.009,-.429,.903,.039,.008,-.039,.999);es="Linear";ed="In";};["LShoulderJ"]={cf=cfr(0,0,0,.947,-.182,-.264,-.011,.804,-.595,.32,.567,.759);es="Linear";ed="In";};["LArmJ"]={cf=cfr(0,0,0,.57,-.821,.007,.821,.57,.001,-.004,.005,1);es="Linear";ed="In";};["LHandN"]={cf=cfr(-.009,-.001,-.002,.944,-.266,-.197,.243,.961,-.132,.225,.077,.971);es="Linear";ed="In";};["L3rdNa"]={cf=cfr(0,0,0,1,-.004,-.001,-.001,-.074,-.997,.004,.997,-.074);es="Linear";ed="In";};["L3rdNb"]={cf=cfr(0,0,0,1,-.003,-.002,-.002,.034,-.999,.004,.999,.034);es="Linear";ed="In";};["LThumbNa"]={cf=cfr(0,0,0,.639,.77,-.005,-.534,.438,-.723,-.554,.465,.69);es="Linear";ed="In";};["LThumbNb"]={cf=cfr(0,0,0,.99,.107,-.089,-.069,.93,.36,.122,-.35,.929);es="Linear";ed="In";};["L2ndNa"]={cf=cfr(0,0,0,1,-.004,-.001,-.001,.114,-.993,.004,.993,.114);es="Linear";ed="In";};["L2ndNb"]={cf=cfr(0,0,0,1,-.004,-.002,-.001,.034,-.999,.004,.999,.034);es="Linear";ed="In";};["L1stNa"]={cf=cfr(0,0,0,1,-.003,-.002,-.001,.299,-.954,.003,.954,.299);es="Linear";ed="In";};["L1stNb"]={cf=cfr(0,0,0,1,-.001,-.004,-.004,.034,-.999,.001,.999,.034);es="Linear";ed="In";};["LHandNb"]={cf=cfr(.014,-.002,.02,.988,.148,-.053,-.155,.967,-.201,.021,.207,.978);es="Linear";ed="In";};["L4thNa"]={cf=cfr(0,0,0,1,-.005,-.001,-.002,-.234,-.972,.004,.972,-.234);es="Linear";ed="In";};["L4thNb"]={cf=cfr(0,0,0,1,-.001,-.004,-.004,.034,-.999,.001,.999,.034);es="Linear";ed="In";};["LASabN"]={cf=cfr(-.121,.376,-.002,.943,.092,.32,-.089,.996,-.026,-.321,-.004,.947);es="Linear";ed="In";};["LSSabN"]={cf=cfr(0,0,0,.945,-.001,.326,0,1,.004,-.326,-.004,.945);es="Linear";ed="In";};["BackN"]={cf=cfr(0,0,0,1,0,0,0,1,0,0,0,1);es="Linear";ed="In";};["ReflectorN"]={cf=cfr(0,0,0,1,0,0,0,1,0,0,0,1);es="Linear";ed="In";};["TailNa"]={cf=cfr(0,-.327,-.144,.899,.387,.202,-.39,.92,-.031,-.198,-.051,.979);es="Linear";ed="In";};["TailNb"]={cf=cfr(0,.288,.212,.941,-.312,-.131,.308,.95,-.048,.139,.005,.99);es="Linear";ed="In";};["TailNc"]={cf=cfr(0,0,0,.917,-.25,-.312,.037,.83,-.556,.398,.498,.771);es="Linear";ed="In";};["LSSabN_end"]={cf=cfr(2.267,-.574,-2.05,.752,.258,-.607,-.017,.927,.374,.659,-.271,.702);es="Linear";ed="In";};["FaceM_end"]={cf=cfr(0,0,0,1,0,0,0,1,0,0,0,1);es="Linear";ed="In";};["OuchM"]={cf=cfr(0,0,0,1,0,0,0,1,0,0,0,1);es="Linear";ed="In";};["L2ndNb_end"]={cf=cfr(3.18,-9.095,1.49,.108,.88,.463,-.177,-.442,.88,.978,-.177,.108);es="Linear";ed="In";};["FacePattern"]={cf=cfr(0,0,0,1,0,0,0,1,0,0,0,1);es="Linear";ed="In";};["EyeYellowM"]={cf=cfr(0,0,0,1,0,0,0,1,0,0,0,1);es="Linear";ed="In";};["LThumbNb_end"]={cf=cfr(6.44,-4.478,-2.593,.25,.968,-.025,-.529,.158,.834,.811,-.195,.551);es="Linear";ed="In";};["ReflectorN_end"]={cf=cfr(.593,-2.703,.268,.737,-.196,-.647,.007,.959,-.282,.676,.204,.709);es="Linear";ed="In";};["RHaveN"]={cf=cfr(-1.053,-3.689,1.624,.461,.363,.81,-.017,.916,-.4,-.887,.171,.428);es="Linear";ed="In";};["ThrowN_end"]={cf=cfr(0,0,0,1,0,0,0,1,0,0,0,1);es="Linear";ed="In";};["BlasterM"]={cf=cfr(0,0,0,1,0,0,0,1,0,0,0,1);es="Linear";ed="In";};["R4thNb_end"]={cf=cfr(-.879,.003,-4.033,.429,.887,.17,.715,-.448,.537,.553,-.109,-.826);es="Linear";ed="In";};["BlinkHalfM"]={cf=cfr(0,0,0,1,0,0,0,1,0,0,0,1);es="Linear";ed="In";};["RSSabN_end"]={cf=cfr(.007,1.165,3.139,.87,.236,-.433,-.068,.927,.369,.488,-.291,.823);es="Linear";ed="In";};["BackN_end"]={cf=cfr(.346,-2.055,-.119,.737,-.577,-.352,.36,.776,-.518,.572,.255,.78);es="Linear";ed="In";};["RThumbNb_end"]={cf=cfr(-.682,-2.793,3.437,.758,.598,.26,-.569,.802,-.184,-.319,-.008,.948);es="Linear";ed="In";};["BlinkM_end"]={cf=cfr(0,0,0,1,0,0,0,1,0,0,0,1);es="Linear";ed="In";};["OuchM_end"]={cf=cfr(0,0,0,1,0,0,0,1,0,0,0,1);es="Linear";ed="In";};["RootNode"]={cf=cfr(0,0,0,-1,0,0,0,1,0,0,0,-1);es="Linear";ed="In";};["LHandNb_end"]={cf=cfr(4.033,-4.971,1.352,.495,.632,-.596,-.825,.127,-.551,-.272,.764,.584);es="Linear";ed="In";};["LToeN_end"]={cf=cfr(3.423,-1.579,.427,.416,.902,-.116,-.9,.39,-.197,-.132,.187,.974);es="Linear";ed="In";};["R1stNb_end"]={cf=cfr(-1.506,.178,3.391,.428,.887,.173,-.898,.396,.189,.099,-.237,.967);es="Linear";ed="In";};["RHaveN_end"]={cf=cfr(0,0,0,1,0,0,0,1,0,0,0,1);es="Linear";ed="In";};["LHaveN_end"]={cf=cfr(0,0,0,1,0,0,0,1,0,0,0,1);es="Linear";ed="In";};["LHaveN"]={cf=cfr(5.47,4.212,1.71,-.158,.508,.847,-.455,.723,-.519,-.876,-.468,.117);es="Linear";ed="In";};["FaceM"]={cf=cfr(0,0,0,1,0,0,0,1,0,0,0,1);es="Linear";ed="In";};["ScopeN_end"]={cf=cfr(-.899,.782,3.539,.993,.01,-.116,-.009,1,.015,.116,-.014,.993);es="Linear";ed="In";};["L1stNb_end"]={cf=cfr(3.405,-8.5,-2.442,.096,.882,.462,-.613,-.313,.725,.784,-.353,.511);es="Linear";ed="In";};["TailNc_end"]={cf=cfr(1.26,1.512,1.673,.816,-.054,.576,.578,.125,-.807,-.028,.991,.133);es="Linear";ed="In";};["RHandNb_end"]={cf=cfr(-3.813,-1.193,1.573,.972,.227,.066,-.078,.573,-.816,-.223,.788,.574);es="Linear";ed="In";};["FitFox00.ao"]={cf=cfr(0,0,0,1,0,0,0,1,0,0,0,1);es="Linear";ed="In";};["RASabN_end"]={cf=cfr(.072,-.416,4.402,.737,.585,-.339,-.59,.801,.101,.331,.126,.935);es="Linear";ed="In";};["L4thNb_end"]={cf=cfr(2.53,2.576,7.46,.132,.878,.46,.989,-.089,-.114,-.059,.47,-.881);es="Linear";ed="In";};["RToeN_end"]={cf=cfr(-.159,2.827,.62,-.15,-.988,-.035,.976,-.142,-.163,.156,-.059,.986);es="Linear";ed="In";};["R2ndNb_end"]={cf=cfr(-1.457,1.394,2.919,.431,.889,.155,-.834,.327,.445,.345,-.321,.882);es="Linear";ed="In";};["LASabN_end"]={cf=cfr(2.311,-2.542,-2.694,.516,.83,-.211,-.589,.522,.617,.622,-.194,.758);es="Linear";ed="In";};["ThrowN"]={cf=cfr(-.282,0,0,1,0,0,0,1,0,0,0,1);es="Linear";ed="In";};["BlasterM_end"]={cf=cfr(0,0,0,1,0,0,0,1,0,0,0,1);es="Linear";ed="In";};["MouthN_end"]={cf=cfr(.22,1.267,-3.257,.988,-.011,-.157,-.002,.997,-.082,.157,.081,.984);es="Linear";ed="In";};};{tm=.083;["BlinkM"]={cf=cfr(0,0,0,1,0,0,0,1,0,0,0,1);es="Linear";ed="In";};["BlinkHalfM_end"]={cf=cfr(0,0,0,1,0,0,0,1,0,0,0,1);es="Linear";ed="In";};["R3rdNb_end"]={cf=cfr(-1.158,1.618,-3.028,.428,.887,.175,.431,-.37,.823,.794,-.277,-.541);es="Linear";ed="In";};["EyeYellowM_end"]={cf=cfr(0,0,0,1,0,0,0,1,0,0,0,1);es="Linear";ed="In";};["L3rdNb_end"]={cf=cfr(2.839,-2.937,8.043,.122,.875,.468,.797,-.367,.479,.591,.315,-.742);es="Linear";ed="In";};["FitFox00.mo"]={cf=cfr(0,0,0,1,0,0,0,1,0,0,0,1);es="Linear";ed="In";};["TopN"]={cf=cfr(0,0,0,1,0,0,0,1,0,0,0,1);es="Linear";ed="In";};["TransN"]={cf=cfr(-2.899,0,0,1,0,0,0,1,0,0,0,1);es="Linear";ed="In";};["XRotN"]={cf=cfr(.282,0,0,1,0,0,0,1,0,0,0,1);es="Linear";ed="In";};["YRotN"]={cf=cfr(0,0,0,1,0,0,0,1,0,0,0,1);es="Linear";ed="In";};["HipN"]={cf=cfr(-1.027,-.015,1.155,.771,-.636,.036,.616,.759,.211,-.162,-.141,.977);es="Linear";ed="In";};["LLegJ"]={cf=cfr(0,0,0,-.177,.69,-.701,-.364,.616,.699,.914,.379,.142);es="Linear";ed="In";};["LKneeJ"]={cf=cfr(0,0,0,.189,-.044,.981,.039,.999,.037,-.981,.031,.19);es="Linear";ed="In";};["LFootJ"]={cf=cfr(-.057,-.016,.008,.995,-.079,.067,.072,.992,.107,-.075,-.101,.992);es="Linear";ed="In";};["LToeN"]={cf=cfr(0,0,0,.991,0,-.134,0,1,-.001,.134,.001,.991);es="Linear";ed="In";};["RLegJ"]={cf=cfr(0,0,0,.669,-.536,.515,.08,.74,.668,-.739,-.405,.538);es="Linear";ed="In";};["RKneeJ"]={cf=cfr(0,0,0,.817,-.029,.575,.062,.997,-.037,-.573,.065,.817);es="Linear";ed="In";};["RFootJ"]={cf=cfr(.06,-.013,-.008,.805,-.08,.588,.087,.996,.016,-.587,.038,.809);es="Linear";ed="In";};["RToeN"]={cf=cfr(0,0,0,1,-.002,-.003,.002,1,0,.003,0,1);es="Linear";ed="In";};["WaistN"]={cf=cfr(0,0,0,.984,.094,.152,-.064,.979,-.191,-.167,.178,.97);es="Linear";ed="In";};["BustN"]={cf=cfr(0,0,0,.987,.099,.123,-.054,.943,-.328,-.148,.317,.937);es="Linear";ed="In";};["RShoulderN"]={cf=cfr(0,0,0,.971,.12,.205,-.078,.976,-.201,-.225,.179,.958);es="Linear";ed="In";};["RShoulderJ"]={cf=cfr(0,0,0,.8,.449,-.397,-.599,.575,-.557,-.022,.683,.73);es="Linear";ed="In";};["RArmJ"]={cf=cfr(0,0,0,.532,-.847,.006,.847,.532,0,-.003,.005,1);es="Linear";ed="In";};["RHandN"]={cf=cfr(.008,.001,.002,.821,.38,.427,.029,.719,-.694,-.571,.582,.579);es="Linear";ed="In";};["RThumbNa"]={cf=cfr(0,0,0,.782,.068,.62,.255,.872,-.418,-.569,.484,.665);es="Linear";ed="In";};["RThumbNb"]={cf=cfr(0,0,0,.773,.495,-.397,-.136,.74,.658,.62,-.455,.639);es="Linear";ed="In";};["R3rdNa"]={cf=cfr(0,0,0,.995,.006,-.095,-.095,.013,-.995,-.004,1,.014);es="Linear";ed="In";};["R3rdNb"]={cf=cfr(0,0,0,1,.004,.004,.004,.142,-.99,-.005,.99,.142);es="Linear";ed="In";};["R2ndNa"]={cf=cfr(0,0,0,.998,-.012,.068,.069,.236,-.969,-.005,.972,.236);es="Linear";ed="In";};["R2ndNb"]={cf=cfr(0,0,0,1,.004,.004,.004,.142,-.99,-.005,.99,.142);es="Linear";ed="In";};["R1stNa"]={cf=cfr(0,0,0,1,.003,.004,.002,.447,-.894,-.004,.894,.447);es="Linear";ed="In";};["R1stNb"]={cf=cfr(0,0,0,1,.004,.004,.004,.142,-.99,-.005,.99,.142);es="Linear";ed="In";};["R4thNa"]={cf=cfr(0,0,0,.948,-.054,-.315,-.319,-.17,-.932,-.003,.984,-.178);es="Linear";ed="In";};["R4thNb"]={cf=cfr(0,0,0,1,.004,.004,.004,.142,-.99,-.005,.99,.142);es="Linear";ed="In";};["RHandNb"]={cf=cfr(-.069,.039,.008,.694,.719,-.027,-.697,.681,.226,.181,-.138,.974);es="Linear";ed="In";};["RASabN"]={cf=cfr(.118,-.41,.002,.967,.1,.236,-.099,.995,-.02,-.237,-.004,.972);es="Linear";ed="In";};["RSSabN"]={cf=cfr(0,0,0,.97,0,.244,0,1,.003,-.244,-.003,.97);es="Linear";ed="In";};["NeckN"]={cf=cfr(0,0,0,.898,.384,-.216,-.382,.923,.054,.22,.034,.975);es="Linear";ed="In";};["HeadN"]={cf=cfr(0,0,0,.987,0,-.162,.018,.993,.114,.161,-.116,.98);es="Linear";ed="In";};["ScopeN"]={cf=cfr(0,0,0,1,0,0,0,1,0,0,0,1);es="Linear";ed="In";};["MouthN"]={cf=cfr(0,0,0,.982,0,.19,0,1,0,-.19,0,.982);es="Linear";ed="In";};["LShoulderN"]={cf=cfr(0,0,0,.91,.415,.009,-.415,.909,.033,.005,-.033,.999);es="Linear";ed="In";};["LShoulderJ"]={cf=cfr(0,0,0,.963,-.146,-.228,-.014,.815,-.579,.271,.56,.783);es="Linear";ed="In";};["LArmJ"]={cf=cfr(0,0,0,.563,-.826,.006,.826,.563,.001,-.004,.005,1);es="Linear";ed="In";};["LHandN"]={cf=cfr(-.009,-.001,-.002,.944,-.266,-.197,.243,.961,-.132,.225,.077,.971);es="Linear";ed="In";};["L3rdNa"]={cf=cfr(0,0,0,1,-.004,-.001,-.001,-.074,-.997,.004,.997,-.074);es="Linear";ed="In";};["L3rdNb"]={cf=cfr(0,0,0,1,-.003,-.002,-.002,.034,-.999,.004,.999,.034);es="Linear";ed="In";};["LThumbNa"]={cf=cfr(0,0,0,.639,.77,-.005,-.534,.438,-.723,-.554,.465,.69);es="Linear";ed="In";};["LThumbNb"]={cf=cfr(0,0,0,.99,.107,-.089,-.069,.93,.36,.122,-.35,.929);es="Linear";ed="In";};["L2ndNa"]={cf=cfr(0,0,0,1,-.004,-.001,-.001,.114,-.993,.004,.993,.114);es="Linear";ed="In";};["L2ndNb"]={cf=cfr(0,0,0,1,-.004,-.002,-.001,.034,-.999,.004,.999,.034);es="Linear";ed="In";};["L1stNa"]={cf=cfr(0,0,0,1,-.003,-.002,-.001,.299,-.954,.003,.954,.299);es="Linear";ed="In";};["L1stNb"]={cf=cfr(0,0,0,1,-.001,-.004,-.004,.034,-.999,.001,.999,.034);es="Linear";ed="In";};["LHandNb"]={cf=cfr(.014,-.002,.02,.988,.148,-.053,-.155,.967,-.201,.021,.207,.978);es="Linear";ed="In";};["L4thNa"]={cf=cfr(0,0,0,1,-.005,-.001,-.002,-.234,-.972,.004,.972,-.234);es="Linear";ed="In";};["L4thNb"]={cf=cfr(0,0,0,1,-.001,-.004,-.004,.034,-.999,.001,.999,.034);es="Linear";ed="In";};["LASabN"]={cf=cfr(-.12,.39,-.002,.957,.094,.275,-.095,.995,-.011,-.275,-.015,.961);es="Linear";ed="In";};["LSSabN"]={cf=cfr(0,0,0,.962,-.001,.275,0,1,.005,-.275,-.004,.962);es="Linear";ed="In";};["BackN"]={cf=cfr(0,0,0,1,0,0,0,1,0,0,0,1);es="Linear";ed="In";};["ReflectorN"]={cf=cfr(0,0,0,1,0,0,0,1,0,0,0,1);es="Linear";ed="In";};["TailNa"]={cf=cfr(0,-.327,-.144,.916,.367,.163,-.363,.93,-.058,-.173,-.006,.985);es="Linear";ed="In";};["TailNb"]={cf=cfr(0,.288,.212,.917,-.382,-.117,.391,.919,.057,.086,-.098,.991);es="Linear";ed="In";};["TailNc"]={cf=cfr(0,0,0,.911,-.301,-.283,.152,.881,-.448,.384,.365,.848);es="Linear";ed="In";};["LSSabN_end"]={cf=cfr(2.267,-.574,-2.05,.752,.258,-.607,-.017,.927,.374,.659,-.271,.702);es="Linear";ed="In";};["FaceM_end"]={cf=cfr(0,0,0,1,0,0,0,1,0,0,0,1);es="Linear";ed="In";};["OuchM"]={cf=cfr(0,0,0,1,0,0,0,1,0,0,0,1);es="Linear";ed="In";};["L2ndNb_end"]={cf=cfr(3.18,-9.095,1.49,.108,.88,.463,-.177,-.442,.88,.978,-.177,.108);es="Linear";ed="In";};["FacePattern"]={cf=cfr(0,0,0,1,0,0,0,1,0,0,0,1);es="Linear";ed="In";};["EyeYellowM"]={cf=cfr(0,0,0,1,0,0,0,1,0,0,0,1);es="Linear";ed="In";};["LThumbNb_end"]={cf=cfr(6.44,-4.478,-2.593,.25,.968,-.025,-.529,.158,.834,.811,-.195,.551);es="Linear";ed="In";};["ReflectorN_end"]={cf=cfr(.593,-2.703,.268,.737,-.196,-.647,.007,.959,-.282,.676,.204,.709);es="Linear";ed="In";};["RHaveN"]={cf=cfr(-1.053,-3.689,1.624,.461,.363,.81,-.017,.916,-.4,-.887,.171,.428);es="Linear";ed="In";};["ThrowN_end"]={cf=cfr(0,0,0,1,0,0,0,1,0,0,0,1);es="Linear";ed="In";};["BlasterM"]={cf=cfr(0,0,0,1,0,0,0,1,0,0,0,1);es="Linear";ed="In";};["R4thNb_end"]={cf=cfr(-.879,.003,-4.033,.429,.887,.17,.715,-.448,.537,.553,-.109,-.826);es="Linear";ed="In";};["BlinkHalfM"]={cf=cfr(0,0,0,1,0,0,0,1,0,0,0,1);es="Linear";ed="In";};["RSSabN_end"]={cf=cfr(.007,1.165,3.139,.87,.236,-.433,-.068,.927,.369,.488,-.291,.823);es="Linear";ed="In";};["BackN_end"]={cf=cfr(.346,-2.055,-.119,.737,-.577,-.352,.36,.776,-.518,.572,.255,.78);es="Linear";ed="In";};["RThumbNb_end"]={cf=cfr(-.682,-2.793,3.437,.758,.598,.26,-.569,.802,-.184,-.319,-.008,.948);es="Linear";ed="In";};["BlinkM_end"]={cf=cfr(0,0,0,1,0,0,0,1,0,0,0,1);es="Linear";ed="In";};["OuchM_end"]={cf=cfr(0,0,0,1,0,0,0,1,0,0,0,1);es="Linear";ed="In";};["RootNode"]={cf=cfr(0,0,0,-1,0,0,0,1,0,0,0,-1);es="Linear";ed="In";};["LHandNb_end"]={cf=cfr(4.033,-4.971,1.352,.495,.632,-.596,-.825,.127,-.551,-.272,.764,.584);es="Linear";ed="In";};["LToeN_end"]={cf=cfr(3.423,-1.579,.427,.416,.902,-.116,-.9,.39,-.197,-.132,.187,.974);es="Linear";ed="In";};["R1stNb_end"]={cf=cfr(-1.506,.178,3.391,.428,.887,.173,-.898,.396,.189,.099,-.237,.967);es="Linear";ed="In";};["RHaveN_end"]={cf=cfr(0,0,0,1,0,0,0,1,0,0,0,1);es="Linear";ed="In";};["LHaveN_end"]={cf=cfr(0,0,0,1,0,0,0,1,0,0,0,1);es="Linear";ed="In";};["LHaveN"]={cf=cfr(5.47,4.212,1.71,-.158,.508,.847,-.455,.723,-.519,-.876,-.468,.117);es="Linear";ed="In";};["FaceM"]={cf=cfr(0,0,0,1,0,0,0,1,0,0,0,1);es="Linear";ed="In";};["ScopeN_end"]={cf=cfr(-.899,.782,3.539,.993,.01,-.116,-.009,1,.015,.116,-.014,.993);es="Linear";ed="In";};["L1stNb_end"]={cf=cfr(3.405,-8.5,-2.442,.096,.882,.462,-.613,-.313,.725,.784,-.353,.511);es="Linear";ed="In";};["TailNc_end"]={cf=cfr(1.26,1.512,1.673,.816,-.054,.576,.578,.125,-.807,-.028,.991,.133);es="Linear";ed="In";};["RHandNb_end"]={cf=cfr(-3.813,-1.193,1.573,.972,.227,.066,-.078,.573,-.816,-.223,.788,.574);es="Linear";ed="In";};["FitFox00.ao"]={cf=cfr(0,0,0,1,0,0,0,1,0,0,0,1);es="Linear";ed="In";};["RASabN_end"]={cf=cfr(.072,-.416,4.402,.737,.585,-.339,-.59,.801,.101,.331,.126,.935);es="Linear";ed="In";};["L4thNb_end"]={cf=cfr(2.53,2.576,7.46,.132,.878,.46,.989,-.089,-.114,-.059,.47,-.881);es="Linear";ed="In";};["RToeN_end"]={cf=cfr(-.159,2.827,.62,-.15,-.988,-.035,.976,-.142,-.163,.156,-.059,.986);es="Linear";ed="In";};["R2ndNb_end"]={cf=cfr(-1.457,1.394,2.919,.431,.889,.155,-.834,.327,.445,.345,-.321,.882);es="Linear";ed="In";};["LASabN_end"]={cf=cfr(2.311,-2.542,-2.694,.516,.83,-.211,-.589,.522,.617,.622,-.194,.758);es="Linear";ed="In";};["ThrowN"]={cf=cfr(-.282,0,0,1,0,0,0,1,0,0,0,1);es="Linear";ed="In";};["BlasterM_end"]={cf=cfr(0,0,0,1,0,0,0,1,0,0,0,1);es="Linear";ed="In";};["MouthN_end"]={cf=cfr(.22,1.267,-3.257,.988,-.011,-.157,-.002,.997,-.082,.157,.081,.984);es="Linear";ed="In";};};{tm=.125;["BlinkM"]={cf=cfr(0,0,0,1,0,0,0,1,0,0,0,1);es="Linear";ed="In";};["BlinkHalfM_end"]={cf=cfr(0,0,0,1,0,0,0,1,0,0,0,1);es="Linear";ed="In";};["R3rdNb_end"]={cf=cfr(-1.158,1.618,-3.028,.428,.887,.175,.431,-.37,.823,.794,-.277,-.541);es="Linear";ed="In";};["EyeYellowM_end"]={cf=cfr(0,0,0,1,0,0,0,1,0,0,0,1);es="Linear";ed="In";};["L3rdNb_end"]={cf=cfr(2.839,-2.937,8.043,.122,.875,.468,.797,-.367,.479,.591,.315,-.742);es="Linear";ed="In";};["FitFox00.mo"]={cf=cfr(0,0,0,1,0,0,0,1,0,0,0,1);es="Linear";ed="In";};["TopN"]={cf=cfr(0,0,0,1,0,0,0,1,0,0,0,1);es="Linear";ed="In";};["TransN"]={cf=cfr(-4.349,0,0,1,0,0,0,1,0,0,0,1);es="Linear";ed="In";};["XRotN"]={cf=cfr(.282,0,0,1,0,0,0,1,0,0,0,1);es="Linear";ed="In";};["YRotN"]={cf=cfr(0,0,0,1,0,0,0,1,0,0,0,1);es="Linear";ed="In";};["HipN"]={cf=cfr(-1.33,.047,1.094,.789,-.613,.048,.594,.78,.196,-.158,-.127,.979);es="Linear";ed="In";};["LLegJ"]={cf=cfr(0,0,0,-.165,.657,-.735,-.448,.615,.649,.879,.436,.193);es="Linear";ed="In";};["LKneeJ"]={cf=cfr(0,0,0,.442,-.044,.896,.061,.998,.019,-.895,.046,.443);es="Linear";ed="In";};["LFootJ"]={cf=cfr(-.057,-.016,.008,.983,-.118,.142,.093,.981,.173,-.16,-.157,.975);es="Linear";ed="In";};["LToeN"]={cf=cfr(0,0,0,.989,0,-.148,0,1,-.001,.148,.001,.989);es="Linear";ed="In";};["RLegJ"]={cf=cfr(0,0,0,.659,-.531,.533,.059,.742,.668,-.75,-.408,.52);es="Linear";ed="In";};["RKneeJ"]={cf=cfr(0,0,0,.813,-.029,.582,.067,.997,-.044,-.579,.075,.812);es="Linear";ed="In";};["RFootJ"]={cf=cfr(.06,-.013,-.008,.828,-.088,.553,.112,.994,-.01,-.549,.07,.833);es="Linear";ed="In";};["RToeN"]={cf=cfr(0,0,0,.998,.002,.067,-.002,1,-.008,-.067,.008,.998);es="Linear";ed="In";};["WaistN"]={cf=cfr(0,0,0,.983,.1,.157,-.072,.982,-.176,-.172,.162,.972);es="Linear";ed="In";};["BustN"]={cf=cfr(0,0,0,.985,.114,.125,-.07,.946,-.316,-.155,.303,.94);es="Linear";ed="In";};["RShoulderN"]={cf=cfr(0,0,0,.975,.112,.191,-.076,.98,-.185,-.208,.166,.964);es="Linear";ed="In";};["RShoulderJ"]={cf=cfr(0,0,0,.732,.561,-.386,-.676,.529,-.513,-.084,.637,.766);es="Linear";ed="In";};["RArmJ"]={cf=cfr(0,0,0,.502,-.865,.005,.865,.502,.001,-.003,.004,1);es="Linear";ed="In";};["RHandN"]={cf=cfr(.008,.001,.002,.831,.382,.404,.004,.722,-.692,-.556,.577,.598);es="Linear";ed="In";};["RThumbNa"]={cf=cfr(0,0,0,.782,.068,.62,.255,.872,-.418,-.569,.484,.665);es="Linear";ed="In";};["RThumbNb"]={cf=cfr(0,0,0,.773,.495,-.397,-.136,.74,.658,.62,-.455,.639);es="Linear";ed="In";};["R3rdNa"]={cf=cfr(0,0,0,.995,.006,-.095,-.095,.013,-.995,-.004,1,.014);es="Linear";ed="In";};["R3rdNb"]={cf=cfr(0,0,0,1,.004,.004,.004,.142,-.99,-.005,.99,.142);es="Linear";ed="In";};["R2ndNa"]={cf=cfr(0,0,0,.998,-.012,.068,.069,.236,-.969,-.005,.972,.236);es="Linear";ed="In";};["R2ndNb"]={cf=cfr(0,0,0,1,.004,.004,.004,.142,-.99,-.005,.99,.142);es="Linear";ed="In";};["R1stNa"]={cf=cfr(0,0,0,1,.003,.004,.002,.447,-.894,-.004,.894,.447);es="Linear";ed="In";};["R1stNb"]={cf=cfr(0,0,0,1,.004,.004,.004,.142,-.99,-.005,.99,.142);es="Linear";ed="In";};["R4thNa"]={cf=cfr(0,0,0,.948,-.054,-.315,-.319,-.17,-.932,-.003,.984,-.178);es="Linear";ed="In";};["R4thNb"]={cf=cfr(0,0,0,1,.004,.004,.004,.142,-.99,-.005,.99,.142);es="Linear";ed="In";};["RHandNb"]={cf=cfr(-.069,.039,.008,.709,.705,-.016,-.681,.691,.242,.182,-.16,.97);es="Linear";ed="In";};["RASabN"]={cf=cfr(.117,-.428,.002,.974,.109,.199,-.109,.994,-.011,-.199,-.011,.98);es="Linear";ed="In";};["RSSabN"]={cf=cfr(0,0,0,.979,-.001,.203,0,1,.003,-.203,-.003,.979);es="Linear";ed="In";};["NeckN"]={cf=cfr(0,0,0,.902,.37,-.222,-.371,.928,.041,.221,.046,.974);es="Linear";ed="In";};["HeadN"]={cf=cfr(0,0,0,.988,-.036,-.151,.053,.992,.114,.146,-.121,.982);es="Linear";ed="In";};["ScopeN"]={cf=cfr(0,0,0,1,0,0,0,1,0,0,0,1);es="Linear";ed="In";};["MouthN"]={cf=cfr(0,0,0,.983,0,.184,0,1,0,-.184,0,.983);es="Linear";ed="In";};["LShoulderN"]={cf=cfr(0,0,0,.916,.4,.009,-.401,.916,.027,.003,-.028,1);es="Linear";ed="In";};["LShoulderJ"]={cf=cfr(0,0,0,.977,-.106,-.187,-.018,.826,-.564,.215,.554,.804);es="Linear";ed="In";};["LArmJ"]={cf=cfr(0,0,0,.556,-.831,.006,.831,.556,.001,-.004,.005,1);es="Linear";ed="In";};["LHandN"]={cf=cfr(-.009,-.001,-.002,.944,-.266,-.197,.243,.961,-.132,.225,.077,.971);es="Linear";ed="In";};["L3rdNa"]={cf=cfr(0,0,0,1,-.004,-.001,-.001,-.074,-.997,.004,.997,-.074);es="Linear";ed="In";};["L3rdNb"]={cf=cfr(0,0,0,1,-.003,-.002,-.002,.034,-.999,.004,.999,.034);es="Linear";ed="In";};["LThumbNa"]={cf=cfr(0,0,0,.639,.77,-.005,-.534,.438,-.723,-.554,.465,.69);es="Linear";ed="In";};["LThumbNb"]={cf=cfr(0,0,0,.99,.107,-.089,-.069,.93,.36,.122,-.35,.929);es="Linear";ed="In";};["L2ndNa"]={cf=cfr(0,0,0,1,-.004,-.001,-.001,.114,-.993,.004,.993,.114);es="Linear";ed="In";};["L2ndNb"]={cf=cfr(0,0,0,1,-.004,-.002,-.001,.034,-.999,.004,.999,.034);es="Linear";ed="In";};["L1stNa"]={cf=cfr(0,0,0,1,-.003,-.002,-.001,.299,-.954,.003,.954,.299);es="Linear";ed="In";};["L1stNb"]={cf=cfr(0,0,0,1,-.001,-.004,-.004,.034,-.999,.001,.999,.034);es="Linear";ed="In";};["LHandNb"]={cf=cfr(.014,-.002,.02,.988,.148,-.053,-.155,.967,-.201,.021,.207,.978);es="Linear";ed="In";};["L4thNa"]={cf=cfr(0,0,0,1,-.005,-.001,-.002,-.234,-.972,.004,.972,-.234);es="Linear";ed="In";};["L4thNb"]={cf=cfr(0,0,0,1,-.001,-.004,-.004,.034,-.999,.001,.999,.034);es="Linear";ed="In";};["LASabN"]={cf=cfr(-.118,.404,-.002,.969,.097,.229,-.101,.995,.005,-.227,-.028,.973);es="Linear";ed="In";};["LSSabN"]={cf=cfr(0,0,0,.975,-.001,.223,0,1,.005,-.223,-.005,.975);es="Linear";ed="In";};["BackN"]={cf=cfr(0,0,0,1,0,0,0,1,0,0,0,1);es="Linear";ed="In";};["ReflectorN"]={cf=cfr(0,0,0,1,0,0,0,1,0,0,0,1);es="Linear";ed="In";};["TailNa"]={cf=cfr(0,-.327,-.144,.931,.342,.125,-.333,.939,-.082,-.146,.035,.989);es="Linear";ed="In";};["TailNb"]={cf=cfr(0,.288,.212,.896,-.433,-.098,.443,.886,.138,.027,-.167,.986);es="Linear";ed="In";};["TailNc"]={cf=cfr(0,0,0,.907,-.343,-.244,.277,.923,-.268,.317,.176,.932);es="Linear";ed="In";};["LSSabN_end"]={cf=cfr(2.267,-.574,-2.05,.752,.258,-.607,-.017,.927,.374,.659,-.271,.702);es="Linear";ed="In";};["FaceM_end"]={cf=cfr(0,0,0,1,0,0,0,1,0,0,0,1);es="Linear";ed="In";};["OuchM"]={cf=cfr(0,0,0,1,0,0,0,1,0,0,0,1);es="Linear";ed="In";};["L2ndNb_end"]={cf=cfr(3.18,-9.095,1.49,.108,.88,.463,-.177,-.442,.88,.978,-.177,.108);es="Linear";ed="In";};["FacePattern"]={cf=cfr(0,0,0,1,0,0,0,1,0,0,0,1);es="Linear";ed="In";};["EyeYellowM"]={cf=cfr(0,0,0,1,0,0,0,1,0,0,0,1);es="Linear";ed="In";};["LThumbNb_end"]={cf=cfr(6.44,-4.478,-2.593,.25,.968,-.025,-.529,.158,.834,.811,-.195,.551);es="Linear";ed="In";};["ReflectorN_end"]={cf=cfr(.593,-2.703,.268,.737,-.196,-.647,.007,.959,-.282,.676,.204,.709);es="Linear";ed="In";};["RHaveN"]={cf=cfr(-1.053,-3.689,1.624,.461,.363,.81,-.017,.916,-.4,-.887,.171,.428);es="Linear";ed="In";};["ThrowN_end"]={cf=cfr(0,0,0,1,0,0,0,1,0,0,0,1);es="Linear";ed="In";};["BlasterM"]={cf=cfr(0,0,0,1,0,0,0,1,0,0,0,1);es="Linear";ed="In";};["R4thNb_end"]={cf=cfr(-.879,.003,-4.033,.429,.887,.17,.715,-.448,.537,.553,-.109,-.826);es="Linear";ed="In";};["BlinkHalfM"]={cf=cfr(0,0,0,1,0,0,0,1,0,0,0,1);es="Linear";ed="In";};["RSSabN_end"]={cf=cfr(.007,1.165,3.139,.87,.236,-.433,-.068,.927,.369,.488,-.291,.823);es="Linear";ed="In";};["BackN_end"]={cf=cfr(.346,-2.055,-.119,.737,-.577,-.352,.36,.776,-.518,.572,.255,.78);es="Linear";ed="In";};["RThumbNb_end"]={cf=cfr(-.682,-2.793,3.437,.758,.598,.26,-.569,.802,-.184,-.319,-.008,.948);es="Linear";ed="In";};["BlinkM_end"]={cf=cfr(0,0,0,1,0,0,0,1,0,0,0,1);es="Linear";ed="In";};["OuchM_end"]={cf=cfr(0,0,0,1,0,0,0,1,0,0,0,1);es="Linear";ed="In";};["RootNode"]={cf=cfr(0,0,0,-1,0,0,0,1,0,0,0,-1);es="Linear";ed="In";};["LHandNb_end"]={cf=cfr(4.033,-4.971,1.352,.495,.632,-.596,-.825,.127,-.551,-.272,.764,.584);es="Linear";ed="In";};["LToeN_end"]={cf=cfr(3.423,-1.579,.427,.416,.902,-.116,-.9,.39,-.197,-.132,.187,.974);es="Linear";ed="In";};["R1stNb_end"]={cf=cfr(-1.506,.178,3.391,.428,.887,.173,-.898,.396,.189,.099,-.237,.967);es="Linear";ed="In";};["RHaveN_end"]={cf=cfr(0,0,0,1,0,0,0,1,0,0,0,1);es="Linear";ed="In";};["LHaveN_end"]={cf=cfr(0,0,0,1,0,0,0,1,0,0,0,1);es="Linear";ed="In";};["LHaveN"]={cf=cfr(5.47,4.212,1.71,-.158,.508,.847,-.455,.723,-.519,-.876,-.468,.117);es="Linear";ed="In";};["FaceM"]={cf=cfr(0,0,0,1,0,0,0,1,0,0,0,1);es="Linear";ed="In";};["ScopeN_end"]={cf=cfr(-.899,.782,3.539,.993,.01,-.116,-.009,1,.015,.116,-.014,.993);es="Linear";ed="In";};["L1stNb_end"]={cf=cfr(3.405,-8.5,-2.442,.096,.882,.462,-.613,-.313,.725,.784,-.353,.511);es="Linear";ed="In";};["TailNc_end"]={cf=cfr(1.26,1.512,1.673,.816,-.054,.576,.578,.125,-.807,-.028,.991,.133);es="Linear";ed="In";};["RHandNb_end"]={cf=cfr(-3.813,-1.193,1.573,.972,.227,.066,-.078,.573,-.816,-.223,.788,.574);es="Linear";ed="In";};["FitFox00.ao"]={cf=cfr(0,0,0,1,0,0,0,1,0,0,0,1);es="Linear";ed="In";};["RASabN_end"]={cf=cfr(.072,-.416,4.402,.737,.585,-.339,-.59,.801,.101,.331,.126,.935);es="Linear";ed="In";};["L4thNb_end"]={cf=cfr(2.53,2.576,7.46,.132,.878,.46,.989,-.089,-.114,-.059,.47,-.881);es="Linear";ed="In";};["RToeN_end"]={cf=cfr(-.159,2.827,.62,-.15,-.988,-.035,.976,-.142,-.163,.156,-.059,.986);es="Linear";ed="In";};["R2ndNb_end"]={cf=cfr(-1.457,1.394,2.919,.431,.889,.155,-.834,.327,.445,.345,-.321,.882);es="Linear";ed="In";};["LASabN_end"]={cf=cfr(2.311,-2.542,-2.694,.516,.83,-.211,-.589,.522,.617,.622,-.194,.758);es="Linear";ed="In";};["ThrowN"]={cf=cfr(-.282,0,0,1,0,0,0,1,0,0,0,1);es="Linear";ed="In";};["BlasterM_end"]={cf=cfr(0,0,0,1,0,0,0,1,0,0,0,1);es="Linear";ed="In";};["MouthN_end"]={cf=cfr(.22,1.267,-3.257,.988,-.011,-.157,-.002,.997,-.082,.157,.081,.984);es="Linear";ed="In";};};{tm=.167;["BlinkM"]={cf=cfr(0,0,0,1,0,0,0,1,0,0,0,1);es="Linear";ed="In";};["BlinkHalfM_end"]={cf=cfr(0,0,0,1,0,0,0,1,0,0,0,1);es="Linear";ed="In";};["R3rdNb_end"]={cf=cfr(-1.158,1.618,-3.028,.428,.887,.175,.431,-.37,.823,.794,-.277,-.541);es="Linear";ed="In";};["EyeYellowM_end"]={cf=cfr(0,0,0,1,0,0,0,1,0,0,0,1);es="Linear";ed="In";};["L3rdNb_end"]={cf=cfr(2.839,-2.937,8.043,.122,.875,.468,.797,-.367,.479,.591,.315,-.742);es="Linear";ed="In";};["FitFox00.mo"]={cf=cfr(0,0,0,1,0,0,0,1,0,0,0,1);es="Linear";ed="In";};["TopN"]={cf=cfr(0,0,0,1,0,0,0,1,0,0,0,1);es="Linear";ed="In";};["TransN"]={cf=cfr(-5.799,0,0,1,0,0,0,1,0,0,0,1);es="Linear";ed="In";};["XRotN"]={cf=cfr(.282,0,0,1,0,0,0,1,0,0,0,1);es="Linear";ed="In";};["YRotN"]={cf=cfr(0,0,0,1,0,0,0,1,0,0,0,1);es="Linear";ed="In";};["HipN"]={cf=cfr(-1.632,.108,1.032,.805,-.59,.06,.572,.8,.181,-.154,-.112,.982);es="Linear";ed="In";};["LLegJ"]={cf=cfr(0,0,0,.072,.657,-.751,-.65,.601,.464,.757,.455,.47);es="Linear";ed="In";};["LKneeJ"]={cf=cfr(0,0,0,.793,-.074,.604,.095,.995,-.003,-.601,.06,.797);es="Linear";ed="In";};["LFootJ"]={cf=cfr(-.057,-.016,.008,.946,-.174,.275,.114,.969,.221,-.304,-.178,.936);es="Linear";ed="In";};["LToeN"]={cf=cfr(0,0,0,.997,0,-.074,0,1,-.001,.074,.001,.997);es="Linear";ed="In";};["RLegJ"]={cf=cfr(0,0,0,.648,-.527,.551,.038,.744,.667,-.761,-.411,.502);es="Linear";ed="In";};["RKneeJ"]={cf=cfr(0,0,0,.808,-.029,.588,.079,.995,-.06,-.584,.095,.806);es="Linear";ed="In";};["RFootJ"]={cf=cfr(.06,-.013,-.008,.885,-.118,.45,.141,.99,-.019,-.443,.081,.893);es="Linear";ed="In";};["RToeN"]={cf=cfr(0,0,0,1,.003,.027,-.003,1,-.004,-.027,.004,1);es="Linear";ed="In";};["WaistN"]={cf=cfr(0,0,0,.981,.1,.166,-.075,.986,-.152,-.179,.137,.974);es="Linear";ed="In";};["BustN"